gene	EEP	MEP	LEP	ESP	LSP	gap	MEP	Cold shock (15&deg;C)	pH3 shock	pH5.8 shock	NaCl shock	Bile shock	Low Fe2+ shock	Anaerobic shock	gap	Anaerobic growth	Oxygen shock	gap	InSPI2	InSPI2 LowMg2+	Peroxide shock (InSPI2)	Nitric oxide shock (InSPI2)	gap	NonSPI2	InSPI2	&nbsp;&nbsp;&nbsp;&nbsp;&nbsp;Common gene name	Gene Synonym	Type	Start position (4/74)	End position (4/74)	Strand	Product (EMBL DB)	4-74 ID	SL1344 Locus ID
tpke11	1	3.21		tpke11		sRNA	13507	13591	+			SL1344_tpke11
STnc890	1	7.04	1.43	4	1.84		1	0.87		5.85		1	1.2	STnc890		sRNA	14720	14783	+			SL1344_STnc890
STnc3200	1	1	1.8	4.76	3.28		1	1	2.01	1.38	1	1.19	1.97	8.19		1			1	1.31	1.22	3.72		1	0.93	STnc3200		sRNA	16445	16493	-			SL1344_STnc3200
STnc3210	1	1.03	3.93	1.04	8.86		1	1.86	0.97	1.97	8.8	1.31	1.62	0.97		1	3.02		1	5.79		1.32		1	3.32	STnc3210		sRNA	17025	17111	+			SL1344_STnc3210
STnc1010	1	1.66	2.16	3.48	8.46		1	0.91	1.41	0.82	1.32	1.18	0.88	1.79		1			1	2.63	2.13	2.11		1	0.8	STnc900		sRNA	41629	41708	+			SL1344_STnc1010
STnc3220	1	0.73	0.79	0.71			1	1.83	3.94	2.84		1	0.85	STnc3220		sRNA	61807	62034	+			SL1344_STnc3220
STnc3090	1	1.03	1	1	1		1	0.97	1.19	2.17	0.97	0.97	1.32	0.97		1	1		1	0.76			1	15.34	STnc3090		sRNA	66916	67048	+			SL1344_STnc3090
STnc4160	1	1.32	1.19	2.71	3.46		1			1	2.49	STnc4160		sRNA	66912	67051	-			SL1344_STnc4160
DapZ	1	2.87	18.25	56.83	7.3		1	1.07	1.79	0.78	0.93	0.7	1.03	1.95		1	1.47		1	0.95	2.46	2.9		1		DapZ	STnc1020,STnc820	sRNA	74847	74924	+			SL1344_DapZ
STnc3230	1	1.22	4.37	4.77	4.91		1		1.19		1	3.01	STnc3230		sRNA	74894	75015	-			SL1344_STnc3230
STnc470	1	0.96	2.31	6.94	8.51		1	0.95	1.83	1.59	8.75	1.42	1.39	2		1	1		1	1.74			1	4.91	STnc910		sRNA	94653	94741	-			SL1344_STnc470
STnc4170	1		STnc4170		sRNA	95102	95188	+			SL1344_STnc4170
STnc3240	1	1.42	1.28	1.38		1.42	1.48		1	0.76		1	1.41	0.86	1.42		1	1.88	STnc3240		sRNA	101322	101483	-			SL1344_STnc3240
STnc4180	1	3.7	2.13	1.76		STnc4180		sRNA	109243	109322	-			SL1344_STnc4180
SroA	1	4.62	3.41	1.9		1.03	1.01		1	0.94	tpe79		sRNA	126713	126802	-			SL1344_SroA
SgrS	1	3.1	2.01	4.07	0.78		1	1.14	1.41			1	1.07	1.34	2.02		1	0.7	ryaA		sRNA	128577	128808	+			SL1344_SgrS
STnc1500	1	1.42	2.24	4.85	2.11		1			1	2.3	STnc1500		sRNA	138100	138274	-			SL1344_STnc1500
tp2	1	1	1	1	1		1	1	1	1	1	1	1	1		1	1		1	1	1	1		1	1	tp2		sRNA	176086	176242	-			SL1344_tp2
STnc4190	1	1.24	0.79		1.25		1	1.48	STnc4190		sRNA	209868	209971	-			SL1344_STnc4190
STnc3250	1	0.79		STnc3250		sRNA	223451	223676	-			SL1344_STnc3250
STnc1510	1	1.69	1.93	3.2	0.98		1	1.24	0.94	1.39	1.7			1	3.98	5.88	6.87		1	0.73	STnc1510		sRNA	237091	237187	+			SL1344_STnc1510
STnc3100	1	1.53	1.61	1.64	3.24		1	0.83	0.72	0.84	1.85	1.17	0.91	1.29		1	0.96		1	1.21		0.92		1	1.24	STnc3100		sRNA	245838	245954	+			SL1344_STnc3100
STnc3110	1	1.09	2.29	3.27	7.05		1	1.45	1.91	1.34	3.65	1.16	1.19	2.28		1	1.17		1	1.92		0.98		1	2.86	STnc3110		sRNA	249153	249274	+			SL1344_STnc3110
t44	1	0.86	0.74		t44		sRNA	254126	254264	+			SL1344_t44
sRNA1	1	2	1.5	1.7	1.57		1		0.98	0.81		1	1.17	sRNA1		sRNA	257725	257790	+			SL1344_sRNA1
STnc920	1	1.38	0.91	0.7			1	0.94	STnc920		sRNA	259116	259164	+			SL1344_STnc920
IsrA	1	-	-	-	-		1	1	1	1	1	1	1	1		1	1		1	1	1	1		1	1	IsrA		sRNA	338816	339238	+			SL1344_IsrA
STnc1030	1	1	1	1	1		1	1	1	1.46	1	1	1.18	1.33		1	0.97		1	0.97	0.97	1.36		1	1.04	STnc1030		sRNA	350892	351095	+			SL1344_STnc1030
STnc1040	1	1	1	1	1		1	1	1	1	2.49	1	1.51	1		1	1		1	1	1	1		1	1	STnc1040		sRNA	351053	351100	-			SL1344_STnc1040
STnc3270	1	1.01		0.81	0.7		1	1.68	1.76	1.03	3.3	1.81	1.32	2.7		1	0.88		1	0.87	1.62	2.31		1	0.74	STnc3270		sRNA	376115	376194	+			SL1344_STnc3270
STnc1700	1	0.96	1.47	2.11	3.05		1	1.48	2.24	2.17	5.68	0.9	1.36			1	2.88	STnc1700		sRNA	386381	386476	+			SL1344_STnc1700
STnc3280	1	1.35	1.03	1.19			1	1.36	2.18	1.2	1.69	1.06	1.53	2.36		1	0.8		1	1.53	1.14	2.25		1	1	STnc3280		sRNA	418391	418463	-			SL1344_STnc3280
STnc4150	1	1.11	3.54	3.22	16.65		1	0.9	1.59	2.07	6.75	1.54	3.93	4.57		1	1.33		1	2.72	1.44	4.44		1	0.89	STnc4150		sRNA	436953	437082	-			SL1344_STnc4150
STnc1060	1	1.86	3.5	5.74	4.45		1	2.39	1.73	1.26	2.93		1.35	1.79		1	0.83		1	2.47	1.42	2.32		1	0.89	STnc1060		sRNA	466718	466783	-			SL1344_STnc1060
SraA	1	1	1	1	1		1	1	1.53	2.28	1.6	1	1.46	1.87		1	1.01		1			1	2.31	psrA/t15		sRNA	504870	504976	-			SL1344_SraA
STnc930	1	1.09	1.19	0.92	2.44		1	1.12	1.14	0.86	1.14	0.96	1.28	2.34		1		2.19	1.03		1	1.45	STnc930		sRNA	514484	514578	+			SL1344_STnc930
STnc3130	1	2.1	3.48	7.15	4.88		1		1.12	1.83		1	0.95	STnc3130		sRNA	545302	545385	-			SL1344_STnc3130
ChiX	1	0.75	0.96	1.42	1.7		1	1.57	1.88	1.13	1.26	0.78	1.06	1.43		1	0.79		1	1.67	2.06	2.52		1	0.82	MicM, SroB, RybC		sRNA	555450	555566	+			SL1344_ChiX
STnc950	1	2.69	4.99	11.23	1.68		1	0.91		STnc950		sRNA	569023	569074	+			SL1344_STnc950
STnc480	1	3.87	6.42	11.87	6.16		1	1.14	0.89	0.75	1.47	0.95	0.95	1.78		1	0.71		1	2.17	1.35	2.02		1	0.72	STnc970		sRNA	587347	587412	-			SL1344_STnc480
STnc1870	1	2.25	1	1	2.98		1			1	0.7		1	0.9	706.94	0.93		1	1.11	STnc1870		sRNA	617317	617426	+			SL1344_STnc1870
STnc3180	1	2.83	2.69	4.38	1.83		1			1	10.96	STnc3180		sRNA	668611	668719	+			SL1344_STnc3180
STnc070	1	2.43	2.16	1.7		2.69	1.13		1	1.6	STnc070		sRNA	669642	669793	+			SL1344_STnc070
sRNA10	1	1.16	1.5	1.61	4.11		1	1.13		0.86		1	1.96	sRNA10		sRNA	679315	679410	-			SL1344_sRNA10
STnc3550	1	1.08	2.22	2.15	1.37		1	0.92	1.33	1.15	1.11			1	2.57	STnc3550		sRNA	689844	689990	-			SL1344_STnc3550
SroC	1	6.65	30	28.9	23.69		1	0.81	1.64			1	1.36	SroC		sRNA	728172	728324	-			SL1344_SroC
STnc3290	1	1	1.45	1.72	1.53		1	1.6	0.94	1.62	3.56	1.33	1.89	1.92		1	1.59		1	1.63	0.92	0.94		1	1.43	STnc3290		sRNA	738320	738476	+			SL1344_STnc3290
STnc3300	1	1.51	2.24	2.4	4.94		1	1.39	2.39	1.07	3.43	2.74	1.45	5.19		1	1.08		1	2.01	3.01	2.81		1	0.71	STnc3300		sRNA	748530	748639	-			SL1344_STnc3300
sRNA9	1	0.7		sRNA9		sRNA	756377	756436	-			SL1344_sRNA9
RybD	1	5.24	15.73	15.97	1.22		1	0.99	0.82	0.81	0.73	1.2	1.24	2.07		1	1.48		1	1.26	2.2	2.78		1		RybD	STnc830	sRNA	807346	807429	+			SL1344_RybD
STnc3340	1	1.29			1	0.91	0.72	1.16	6.63	1.13	1.48	0.76		1	1.95		1	0.9	1.59	2.13		1	0.8	STnc3340		sRNA	863329	863391	-			SL1344_STnc3340
STnc980	1	1.01			1	1.41		1	2.69	2.22	2.94		1	2.41	STnc980		sRNA	889558	889714	-			SL1344_STnc980
RybA	1			1	5.75		1	2.18	6.34	1.93		1	4.33	RybA		sRNA	901301	901397	-			SL1344_RybA
STnc1200	1	2.41	1.92	6.51		1.49	1.58		1	0.82	STnc1200		sRNA	924769	924838	-			SL1344_STnc1200
STnc1710	1	1.04	1.5	3.24	11.39		1	2.52	2.2	1.53	2.65		1.3	1.62		1	1.07		1	2.33	3.36	2.23		1	0.97	STnc1710		sRNA	932197	932336	+			SL1344_STnc1710
RybB	1	1.35	0.96	0.74	12.14		1	2.71	0.82			1	18.77	1.31	1.89		1	1.2	p25		sRNA	941815	941893	-			SL1344_RybB
STnc490	1	1	1	1	1		1	1	1	1	1	1	1	1		1	1		1	1	1	1		1	1	STnc490		sRNA	981622	981711	-			SL1344_STnc490
STnc3310	1	0.94	0.89	0.78	0.97		1	1.16	1	1.14	1.2	1.1	0.98	1.28		1	0.84		1	1.3		1.29		1	1.4	STnc3310		sRNA	1009199	1009379	-			SL1344_STnc3310
STnc3330	1	-	-	-	-		1	1	1.49	1	1	1.42	1	18.24		1			1	1	1.01	1		1	-	STnc3330		sRNA	1024493	1024591	-			SL1344_STnc3330
STnc3350	1	1.06		STnc3350		sRNA	1047936	1048028	+			SL1344_STnc3350
STnc4200	1	1.15	0.86		1.47		1	1.46	STnc4200		sRNA	1055773	1055892	+			SL1344_STnc4200
IsrB-2	1	-	-	-	1		1	1	1	1	1	1	1	1		1	1		1	1	1	1		1	1	IsrB-2		sRNA	1060740	1060833	-			SL1344_IsrB-2
IsrB-1	1	1.23	1.39	3		IS092		sRNA	1060741	1060835	+			SL1344_IsrB-1
STnc1080	1	0.93	0.9	1.66		STnc1080		sRNA	1062745	1062806	-			SL1344_STnc1080
STnc3390	1	0.93	0.93	0.93	0.93		1	1.95	1.16	1	1.2	1	1	3.71		1			1	32.36	1.21	2.49		1	1.24	STnc3390		sRNA	1113731	1113815	-			SL1344_STnc3390
STnc1880	1			1	4.66	1.55	1.14	1.64	0.85	1.05	1.67		1	0.76		1	2.27	1.59	2.76		1	0.77	STnc1880		sRNA	1153745	1153841	+			SL1344_STnc1880
STnc3400	1	0.96	1.55	2.13	1.68		1	2.62	2.86	1.45	3.65	1.02	1.29		0.72		1	2.18	STnc3400		sRNA	1154915	1154976	+			SL1344_STnc3400
STnc500	1	1.39	29.3	9.01	5.29		1	1.1	2.72	0.93	1.39	1.04	1.1	4.25		1		STnc500		sRNA	1172561	1172641	-			SL1344_STnc500
STnc3040	1	1.15	2.19	2.08	8.28		1	1.51	1.06	1.21	8.98	1.04	1.66	3.59		1	1.36		1	4.1	4.84	8.78		1		STnc3040		sRNA	1198646	1198752	+			SL1344_STnc3040
STnc840	1	1.22	1.79	2.56	0.98		1	1.06		STnc840		sRNA	1224244	1224316	+			SL1344_STnc840
SraB	1	0.91	0.82		1.64		1	0.82	pke2		sRNA	1231270	1231378	+			SL1344_SraB
STnc850	1	1.08	2.2	5.72	47.39		1	0.76	1.52	1.83	11.74	1.54	1.51	1.55		1	2.89		1	1.03	1.16	1.33		1	1.25	STnc850		sRNA	1252598	1252673	+			SL1344_STnc850
STnc1090	1	1.29	1.09		2.04		1	1.05	STnc1090		sRNA	1252560	1252626	-			SL1344_STnc1090
STnc3410	1	4.76	4.45	5.49	1.61		1			1	1.08	0.78	0.95		1	2.25	STnc3410		sRNA	1254996	1255077	-			SL1344_STnc3410
STnc150	1	0.84	1.21	1.28	1.92		1	1.71	2.06	1.03	2.82	1.88	1.75	1.71		1	0.76		1	2.48			1	2.61	STnc150		sRNA	1282521	1282677	-			SL1344_STnc150
IsrC	1	1	1	1	1		1	1	1	1	2.37	1	1	1		1	1.73		1	1	1	1		1	1	IS102		sRNA	1285998	1286285	+			SL1344_IsrC
STnc3420	1	1	2.57	2.11	3.91		1	2.96	1.48	1.63	3.21	2.02	1	3.77		1			1	1.57	1.21	1.44		1	0.99	STnc3420		sRNA	1289667	1289799	-			SL1344_STnc3420
STnc520	1	1.97	6.23	16.62		1.47	0.93		1	1.03	STnc520		sRNA	1290590	1290674	-			SL1344_STnc520
STnc1760	1	0.82	0.93	1.24	2.96		1	1.45	2.59	1.22	0.74			1	1.44	2.95	1.7		1	1.15	STnc1760		sRNA	1292835	1292935	-			SL1344_STnc1760
STnc1210	1	1.76	0.95	3.42	2.9		1		STnc1210		sRNA	1292956	1293014	+			SL1344_STnc1210
STnc1990	1	1.04	1.67	0.84	0.87		1	1.38	1.17	1.44	3.58	2.2	1.57	1.53		1	1.43		1	1.3	0.96	2.5		1	1.01	STnc1990		sRNA	1294841	1294974	+			SL1344_STnc1990
STnc3430	1	1.04	1.06	1.2	0.85		1	1.36	0.84	1.16	1.63	0.78	1.15	1.72		1	1.07		1	1.11	1.17	1.5		1	2.6	STnc3430		sRNA	1294946	1295057	-			SL1344_STnc3430
IsrD	1	1	1	-	1		1	1	1	1	1	1	1	1		1	1		1	1	1	-		1	1	IsrD		sRNA	1302591	1302641	-			SL1344_IsrD
STnc3440	1	1.06	5.35	3.4	8.32		1	0.93			1	4.4	STnc3440		sRNA	1303294	1303380	+			SL1344_STnc3440
RyhB-2	1		isrE, RfrB		sRNA	1309727	1309937	-			SL1344_RyhB-2
STnc1480	1	1.13	6	23.86	2.79		1	0.79	1.31	2.59	4.39	0.79	1.18	3.89		1	0.72		1	4.99			1	23.13	STnc1480		sRNA	1316874	1317268	+			SL1344_STnc1480
STnc1640	1	3.85	13.54	36.94	44.05		1	1.24	2.63	1.58	2.4			1	0.92	0.86	1.52		1	1.05	STnc1640		sRNA	1345883	1345970	+			SL1344_STnc1640
STnc2010	1	1.73	3.74	6.07	2.58		1	0.84	1.28	1.39	1.11	1.48	0.84	2.01		1		1.31		1	1.74	STnc2010		sRNA	1353832	1353959	+			SL1344_STnc2010
STnc3570	1	0.89	0.76			1	1.35	2.43	2.16		1	1.09	STnc3570		sRNA	1359017	1359183	-			SL1344_STnc3570
STnc3460	1	0.85			1	0.99		1	1.74	2.23	1.42		1	0.93	STnc3460		sRNA	1363846	1363967	+			SL1344_STnc3460
STnc4210	1	1.32	34.16	151.04	240.4		1	1.94	2.22	1.69	7.1	0.76	3.13	4.77		1	1.38		1	1.09		0.99		1	6.43	STnc4210		sRNA	1363925	1363997	-			SL1344_STnc4210
STnc540	1	1.22	1.42	3.44	1.14		1	0.81	1.65	1.34	1.19	0.84	1.06	1.4		1	0.81		1	0.71		0.85		1	1.65	sRNA14		sRNA	1376271	1376364	+			SL1344_STnc540
RprA	1	2.74	5.07	13.89	105.18		1	0.76	1.32	2.22	21.66	3.05	0.91	1.4		1	1.48		1		IS083		sRNA	1401682	1401790	-			SL1344_RprA
RydB	1	1.4	2.07	4.08	0.97		1	1.25	2.33	1.71			1	1.48	0.8	1.3		1	0.93	tpe7, IS082		sRNA	1407278	1407371	+			SL1344_RydB
STnc1220	1	1	1.21	3.41	32.9		1	1	1	1	9.59	1.28	1	1.18		1	0.93		1	7.21	1.21	5.04		1	1.45	STnc1220		sRNA	1448718	1448790	-			SL1344_STnc1220
STnc4220	1	1.3	1.21	1.28			1	1.32	STnc4220		sRNA	1464776	1464870	-			SL1344_STnc4220
STnc3500	1	1	1.62	2.91	5.81		1	1.44	1	1	6.09	2.13	1.26	4.36		1			1	3.17	3.77	2.95		1	1.35	STnc3500		sRNA	1495398	1495512	+			SL1344_STnc3500
STnc3510	1	1.72	4.37	2.39	0.98		1		0.91		1	0.98	STnc3510		sRNA	1506482	1506596	-			SL1344_STnc3510
STnc3480	1	1.22	1.02		1		1	0.82	STnc3480		sRNA	1519287	1519547	+			SL1344_STnc3480
MgrR	1	0.8	1.13	1.28	1.07		1	1.5	1.55	1.76	1.39	1.27	0.99	0.98		1			1	1.09	1.25	1.09		1	0.91	MgrR	STnc560	sRNA	1550746	1550844	+			SL1344_MgrR
STnc2170	1	1			1	2.27	1.65	4.04		1	0.88	STnc2170		sRNA	1553669	1553737	-			SL1344_STnc2170
STnc3530	1	1.05	1.27	0.81			1	0.78	STnc3530		sRNA	1564332	1564503	+			SL1344_STnc3530
IsrF	1	2.02	1.84	1.72	0.79		1	0.95	1.06		1.45	1.07	1.12	1.39		1	0.8		1	0.88	1.37	1.37		1	0.87	IsrF		sRNA	1586724	1587013	-			SL1344_IsrF
STnc3540	1	1.34	2.37	2.95			1	1.25	STnc3540		sRNA	1605727	1605912	-			SL1344_STnc3540
STnc1110	1	1.09	1.86	3.42	4.47		1		1.19		1	0.95	STnc1110		sRNA	1643465	1643658	+			SL1344_STnc1110
RyjB	1	1.55	2.2	5.1	3.27		1		1.19	1.94		1	0.84		1	0.7	0.9	0.96		1	1.19	RyjB	STnc1120	sRNA	1662190	1662282	-			SL1344_RyjB
RydC	1	0.95	0.73	1.15	0.95		1	1.18	2.63	1.23	1.09	0.82	0.89	1.47		1	0.76		1	0.78	2.29	2.66		1		IS067		sRNA	1686526	1686591	+			SL1344_RydC
MicC	1	0.88	1.15	2.62	1.21		1	0.94	0.87	0.92	1.42	0.73	0.89		IS063, tke8		sRNA	1702531	1702639	-			SL1344_MicC
FnrS	1	1.67	3.41	95.3		1.7		1	1.04	FnrS	STnc580	sRNA	1706784	1706905	-			SL1344_FnrS
STnc2030	1	-	-	-	-		1	1	1	1.02	3.22	1	1	1		1	0.82		1	1.04	1	2.01		1	1	STnc2030		sRNA	1784673	1784725	+			SL1344_STnc2030
STnc1270	1	0.87	1.18			1	1.55	STnc1270		sRNA	1789368	1789691	-			SL1344_STnc1270
STnc3580	1	0.76	1.65	1.49	2.37		1	2.16	1.95	2.21	4.62	1.22	2.08	4.9		1		STnc3580		sRNA	1798747	1798826	+			SL1344_STnc3580
STnc3600	1	0.96	1.07	1.32	1.74		1	0.95	0.95	1.54	9.4	1.65	1.54	1.5		1	0.96		1	2.38	3.74	3.39		1		STnc3600		sRNA	1812121	1812328	+			SL1344_STnc3600
STnc2040	1	1	1	19.19	4.18		1	1	1	1	1	1	1	70.96		1			1	3.44	STnc2040		sRNA	1819352	1819414	-			SL1344_STnc2040
STnc3610	1		STnc3610		sRNA	1850045	1850400	-			SL1344_STnc3610
STnc3620	1	1.12	4.92	5.82	2.77		1		1.34	1.5	6.37	3.06	2.6	2.84		1	1.47		1	4.14	1.12	1.73		1	1.5	STnc3620		sRNA	1866668	1866747	+			SL1344_STnc3620
STnc3630	1	2.32	7.99	36.12	4.41		1	1.85	3	0.83	1.6	1.26	0.91	26.33		1			1	2.69	1.21	2.41		1	2.7	STnc3630		sRNA	1894039	1894125	+			SL1344_STnc3630
STnc1130	1	0.86	1.01	0.87		1.8		1	1.08	STnc1130		sRNA	1913615	1913755	-			SL1344_STnc1130
STnc3640	1	1.84	4.34	3.74	2.63		1	3.37	1.77	1.24	1.94	0.79	1.55	1.95		1	1.15		1	1.9	1.6	4.38		1	0.79	STnc3640		sRNA	1915824	1916082	+			SL1344_STnc3640
SraC	1	1.19	3.38	4.12	1.47		1	3.59	3.46	2.16	3.22	1.14	1.85	1.09		1	2.45		1	1.66	4.37	4.26		1	0.93	RyeA		sRNA	1925543	1925853	+			SL1344_SraC
SdsR	1	0.77	2.04	6.92	166.7		1	1.11	1.77	1.03	2.58	1.61	1.09	2.68		1			1	3.89	RyeB, tpke79		sRNA	1925621	1925723	-			SL1344_SdsR
STnc1690	1	2.08	2	5.41	4.16		1	0.77	1.32	1.01	1.24		STnc1690		sRNA	1931455	1931546	+			SL1344_STnc1690
STnc200	1	2.34	1.76	1.99	1.68		1	1.42		1.06	0.89		1	1.56	STnc200		sRNA	1937130	1937244	-			SL1344_STnc200
RyeF	1	1.16	0.88	0.94	10.32		1	7.73	0.75			1	1.87	RyeF	STnc860	sRNA	1958513	1958819	-			SL1344_RyeF
STnc2180	1	0.79	0.89		STnc2180		sRNA	1992863	1992913	-			SL1344_STnc2180
DsrA	1	2.81	3.12	3.94	1.8		1	1.53	1.39		DsrA		sRNA	2026216	2026302	-			SL1344_DsrA
RseX	1	1	1.65	1.51	1		1	1	1	1	3.41	1	1	1		1	1		1	1	1.53	1.45		1		RseX		sRNA	2034743	2034837	+			SL1344_RseX
STnc1280	1	2.56	4.47	13.79	16.21		1	0.72	1.39	0.87	0.96			1	2.2	STnc1280		sRNA	2039984	2040056	+			SL1344_STnc1280
STnc1290	1	1.14	0.92	1.49	3.13		1			1	1.25	STnc1290		sRNA	2070801	2070988	-			SL1344_STnc1290
STnc1300	1	0.9	0.72	1.41		STnc1300		sRNA	2071271	2071409	+			SL1344_STnc1300
STnc1310	1	1.66	2.95	4.14		STnc1310		sRNA	2073265	2073338	+			SL1344_STnc1310
STnc2050	1	1.53			1	0.93	STnc2050		sRNA	2082064	2082105	+			SL1344_STnc2050
STnc3680	1	1.31	0.85	0.96			1	0.89		1	0.79	1.05	1.65		1	0.72	STnc3680		sRNA	2088048	2088167	+			SL1344_STnc3680
STnc1530	1	2.58	2.56	5.94	8.61		1	1.31	1.87	1.24	1.46		0.92	2.04		1	0.75		1	4.36	1.76	3.66		1	1.31	STnc1530		sRNA	2101640	2101718	+			SL1344_STnc1530
STnc3700	1			1	2.42	2.1	1.91		1	0.98	STnc3700		sRNA	2131885	2131995	+			SL1344_STnc3700
STnc1650	1	1.36	1.29	2.04	1.5		1	1.12	1.71	0.9	0.98			1	2.24	1.97	3.03		1	0.87	STnc1650		sRNA	2132959	2133102	+			SL1344_STnc1650
STnc700	1	0.84	0.94	0.89		0.87	1.34		1	0.96	STnc700		sRNA	2147102	2147280	+			SL1344_STnc700
STnc1320	1	1.76	1.32	1.91	1.86		1	0.77	0.95	1.36	1.18	0.93	1.24	1.97		1			1	1.84	1.76	2.18		1	0.95	STnc1320		sRNA	2174386	2174470	+			SL1344_STnc1320
RyeC	1	1.99	4.21	9.94	2.72		1		0.95	0.72		1	1.28	tp11, SibA		sRNA	2211623	2211760	+			SL1344_RyeC
STnc1150	1	1.2	1.58	1.51			1	0.95	1.4	1.09	1.11	1.47	1.08	0.85		1	1.66		1	0.98	1.01	0.79		1	1.42	STnc2060		sRNA	2222979	2223134	+			SL1344_STnc1150
CyaR	1	6.32	30.69	41.42	1.87		1	1.63	2.64		ryeE		sRNA	2228847	2228932	+			SL1344_CyaR
STnc740	1	0.76	1.03	1.55	2.15		1	1.49	2.05	1.22	5.04	1.73	1.63	1.62		1	1.05		1	1.2	1.51	2.13		1		STnc740		sRNA	2240283	2240366	-			SL1344_STnc740
STnc1890	1	3.81	2.88	9.79	118.69		1	1.24		1.39	1.23		1	1.23		1	8.15	7.06	6.17		1	1.09	STnc1890		sRNA	2250891	2250938	+			SL1344_STnc1890
STnc3720	1	1.08	2.81	7.84	6.3		1	1.76	1.59	1.64	3.94	1.13	2.49	6.26		1	0.76		1	5.58	1.68	3.91		1	1.95	STnc3720		sRNA	2264259	2264328	+			SL1344_STnc3720
STnc1330	1	0.99	4.48	8.42	14.92		1	0.88	1.25	0.73	24.3	3.25	1.73	4.28		1	0.86		1	4.39	1.44	5.1		1	1.69	STnc1330		sRNA	2268274	2268414	+			SL1344_STnc1330
STnc3010	1	0.95	1.45	0.85		STnc3010		sRNA	2310959	2311126	-			SL1344_STnc3010
STnc1340	1			1	1.41	2.16	1.84		1	0.72	STnc1340		sRNA	2319956	2320037	-			SL1344_STnc1340
STnc1540	1	2	1.65	3.9	2.02		1			1	1.13	STnc1540		sRNA	2321042	2321137	-			SL1344_STnc1540
IsrG	1	1	1	1	1		1	1	1	1	1	1	1	1		1	1		1	0.91	0.91	0.91		1	1.09	IsrG		sRNA	2342448	2342729	+			SL1344_IsrG
MicF	1	1.5	1.46			1	3.76	1.31	1.13		1	9.18	MicF		sRNA	2364629	2364721	+			SL1344_MicF
IsrH_1_2	1	1	1	1	1.25		1	1	1	1	1.06	1	1	1		1	1		1	1.51			1	6.92	IsrH_1_2		sRNA	2392019	2392469	-			SL1344_IsrH_1_2
STnc1550	1	1.02	3.24	2.74	1.46		1	1.1	2.11	0.93	1.67	1.17	0.94	2.26		1		STnc1550		sRNA	2437665	2437806	+			SL1344_STnc1550
STnc1560	1	5.59	2.06	2.24	1.7		1		1.09	0.87		1	1.88	STnc1560		sRNA	2449075	2449183	+			SL1344_STnc1560
STnc3730	1	2.18	3.21	4.13	2.54		1	0.83	1.46	2.13	1.92	1.26	1.02	1.38		1	1.26		1	1.45	0.91			1	1.56	STnc3730		sRNA	2449087	2449281	-			SL1344_STnc3730
STnc3740	1	1.44	1.64	5.05	34.84		1		0.8		1	2.01	STnc3740		sRNA	2459768	2459846	+			SL1344_STnc3740
STnc3750	1	-	-	-	-		1	1	1.05	1	7	1.95	1.24	2.57		1	1.29		1	0.93			1	9.49	STnc3750		sRNA	2503726	2503803	-			SL1344_STnc3750
tpke70	1	1	1	1	1		1	2.08	1	1	1.07	1	1	1		1	1		1	1.09	0.96	0.98		1	1.04	tpke70		sRNA	2513324	2513722	-			SL1344_tpke70
STnc3760	1	1.7	1.48	1.84			1	1	3.51	2.77		1	0.78	STnc3760		sRNA	2515508	2515633	+			SL1344_STnc3760
STnc2070	1		1.07		1	2.4	STnc1370		sRNA	2672469	2672567	-			SL1344_STnc2070
RyfA	1	1.43	1.59	1.99			1	2.92	tp1, PAIR3		sRNA	2672651	2672944	+			SL1344_RyfA
GlmY	1	1.1	0.74	0.93			1	1.38	tke1, sroF		sRNA	2705381	2705564	-			SL1344_GlmY
STnc1380	1	2.01	1.47	4.38		1.43	1.86		1	0.92		1	0.72	1.37	1.27		1	0.85	STnc1380		sRNA	2729634	2729701	-			SL1344_STnc1380
STnc3770	1	1.05		1.09	1.51		1	0.78		1	1.12	1.07	2.23		1	0.73	STnc3770		sRNA	2743288	2743373	+			SL1344_STnc3770
STnc1920	1	0.83	1.48	2.27	1.35		1	0.82	1.83	1.4	1.98	1.51	0.98	2.69		1	0.81		1	1.4	0.82	1.97		1	0.73	STnc1920		sRNA	2756549	2756646	+			SL1344_STnc1920
IsrI	1		1.85		1	2.25	IsrI		sRNA	2759018	2759265	-			SL1344_IsrI
STnc2080	1	0.99	2.14	5.18	27.03		1	1.3	1.45	1.26	1.96	0.97	1.13	2.36		1			1	2.06	0.83	0.96		1	2.5	STnc2080		sRNA	2759410	2759518	-			SL1344_STnc2080
IsrJ	1	0.98	0.9	0.71	2.92		1	0.84	0.9	1.27	2.84	0.85	1.23	1.3		1	1.37		1	1.72	2.85	1.99		1	0.97	IsrJ		sRNA	2759646	2759717	-			SL1344_IsrJ
STnc1160	1	1.2	0.87	2.73	9.81		1			1	1.33	STnc1160		sRNA	2760372	2760451	-			SL1344_STnc1160
IsrK	1	1.28	1.01	0.9			1	1.82	IsrK		sRNA	2760480	2760556	-			SL1344_IsrK
STnc1390	1	2.57	1.58	4.25	1.53		1		1.13	1.01		1	0.95		1	1.03	2.69	2.15		1	0.72	STnc1390		sRNA	2767704	2767767	+			SL1344_STnc1390
STnc1400	1	2.61	1.88	1.99			1	1.36	STnc1400		sRNA	2770951	2771060	-			SL1344_STnc1400
STnc3160	1	1.81	6.31	3.65	14.09		1	1.37	0.74	1.12	1.15	1.28	1.47	4.11		1		2.36		1	1.08	STnc3160		sRNA	2807810	2807900	-			SL1344_STnc3160
STnc2090	1	6.33	18.57	152.38	183.07		1	1.06	1.36			1	1.7	10.84	3.63		1	1.74	STnc2090		sRNA	2808306	2808464	+			SL1344_STnc2090
sRNA3	1	1.24	1.37	2.27			1	6.27	5.03	1.07	3.47	1.59	1.53	1.96		1	0.79		1	0.99	1.08	2.42		1	0.93	sRNA3		sRNA	2808504	2808645	+			SL1344_sRNA3
STnc3790	1			1	1.31	5.16	3.94		1	1.02	STnc3790		sRNA	2810663	2810737	+			SL1344_STnc3790
STnc3800	1	1.18	1.09	0.74	1.6		1	0.78	0.95	1.58	2.14	1.13	1.51	1.71		1	1.13		1	1.9	2.34	1.82		1	1.41	STnc3800		sRNA	2824672	2825000	-			SL1344_STnc3800
STnc4230	1	1.36	1.22	0.77		1.05		1	0.93	STnc4230		sRNA	2831934	2832038	+			SL1344_STnc4230
IsrL	1			1	1.08	1.04	1.41	1.14	2.1	1.36	1.74		1	0.97		1	0.76	0.75	1.27		1	0.77	IsrL		sRNA	2850244	2850588	-			SL1344_IsrL
STnc3070	1	1.69	1.1	3.24	3.34		1			1	1.73	4.04	3.15		1	1.05	STnc3070		sRNA	2851166	2851225	-			SL1344_STnc3070
IsrM	1	1	1	1	1		1	1	1	1	1	1	1	1		1	1		1	1	1	1		1	1	IsrM		sRNA	2927616	2927944	+			SL1344_IsrM
IsrN	1	-	-	1	1		1	1	1	1	1	1	1	1		1	1		1	1	1	-		1	1	IsrN		sRNA	2929501	2929643	+			SL1344_IsrN
STnc3080	1	1.48		1.86	4.41	20.71	0.71		1	1		1	1	13.48	3.11		1	0.85	STnc3080		sRNA	2974260	2974404	-			SL1344_STnc3080
MicA	1	1			1	21.32	2.78	2.26		1	3.75	sraD		sRNA	2989429	2989502	+			SL1344_MicA
C0664	1	1	1	1	1		1	1	1	-	-	1	-	-		1	1		1	1	1	8.7		1	1	C0664		sRNA	3010214	3010321	+			SL1344_C0664
STnc4240	1	0.76		STnc4240		sRNA	3037101	3037394	+			SL1344_STnc4240
STnc3020	1	1.58	1	1	1		1	1.18			1	18.75	STnc3020		sRNA	3038687	3038786	+			SL1344_STnc3020
STnc1410	1	0.97	1.14	1.01	4.38		1	2.17	2.33		STnc1410		sRNA	3048830	3049012	+			SL1344_STnc1410
InvR	1	1.27	12.12	45.89	14.47		1	1.07	1.82	1.01	1.87	1.16	1.08	1.17		1	1.54		1	1.66	5.22	6.8		1		InvR	STnc270	sRNA	3067500	3067579	+			SL1344_InvR
STnc3140	1		STnc3140		sRNA	3109885	3109981	-			SL1344_STnc3140
CsrB	1	1.66	1.71	1.93		CsrB		sRNA	3138160	3138522	-			SL1344_CsrB
GcvB	1	1.73	1.06			1	11.72	9.5	4.57		1	0.82	IS145		sRNA	3156779	3156979	+			SL1344_GcvB
STnc3830	1	0.9	1.11	1.29	1.52		1	1.41	4.27	1.15	5.37	1.67	1.19	4.21		1	1.27		1	2.04	9.46	4.01		1		STnc3830		sRNA	3186446	3186537	-			SL1344_STnc3830
OmrA	1	1.05	1.81	1.37	4.02		1	1.14	2.09	4.2	3	2.91	2.01	2.8		1			1	5.22	rygB		sRNA	3191584	3191670	-			SL1344_OmrA
OmrB	1	1.13	1.83			1	11.52	t59, rygA, sraE		sRNA	3191785	3191870	-			SL1344_OmrB
STnc290	1	1.34	2.94	5.26	2.89		1	1.49	1.92	0.86	2.12	0.77	1.12	2.48		1		STnc290		sRNA	3215639	3215717	-			SL1344_STnc290
IsrO	1	0.81	0.76			1	2.37	1.79	0.81	2.16	1.12	1.23	1.13		1	1.29		1	2.3	0.83	1.52		1	1.09	IsrO		sRNA	3219100	3219300	+			SL1344_IsrO
SsrS	1	1.94	1.84	3.29	5.25		1			1	0.88	0.94	0.87		1	1.54	6S		sRNA	3242594	3243000	+			SL1344_SsrS
RygC	1	1.62	2.35	3.65	2.57		1		0.74		1	1.16	t27, SibC, QUAD1c		sRNA	3243669	3243813	+			SL1344_RygC
STnc3030	1	0.92	2.7	1.55			1	0.81	STnc3030		sRNA	3250106	3250210	+			SL1344_STnc3030
STnc750	1	1.43	1.36	0.95	1.48		1	0.98		0.96	0.82	0.76		1	1.16		1	1.16	0.92	1.4		1	1.54	sRNA8		sRNA	3261185	3261273	-			SL1344_STnc750
STnc3150	1	3.06	0.79	1.14	0.79		1	1.72	1.3		2.8	1.91	1.98	1.77		1	1.05		1	4.14	0.86	2.34		1	1.7	STnc3150		sRNA	3273499	3273824	-			SL1344_STnc3150
STnc3850	1	1.1	1.29	0.91		1.13		1	1.08	STnc3850		sRNA	3275931	3276099	-			SL1344_STnc3850
STnc3860	1	1.02	0.76	1.99	4.01		1	0.97	9.06			1	0.94	2.5	1.77		1	1.42	STnc3860		sRNA	3283748	3283844	-			SL1344_STnc3860
STnc3870	1	2.22	2.32	4.85	6.38		1	1.21		2.37	2.38		1	1.06	STnc3870		sRNA	3296886	3297024	-			SL1344_STnc3870
STnc3880	1	1.23	11.35	10.61	3.39		1	3.5	5.52	0.83	4.84	2.69	1.75	1.43		1	2.17		1	4.31	2.14	5.56		1	0.72	STnc3880		sRNA	3305410	3305515	+			SL1344_STnc3880
STnc1170	1	1	2.72	18.64	1.46		1	2.57	1.18	1	3.34	1.08	1.74	37.97		1		1.72		1	1.31	STnc1170		sRNA	3312429	3312525	-			SL1344_STnc1170
STnc3890	1	0.91	1.34	2.47	2.13		1	2.61	2.43	2.06	5.24		2.29	1.09		1	1.2		1	1.1	3.72	6.24		1	0.73	STnc3890		sRNA	3322951	3323033	+			SL1344_STnc3890
STnc1820	1	0.76		1.29	1.4		1	0.75		1	0.9	3.62	1.46		1	1.29	STnc1820		sRNA	3349037	3349187	-			SL1344_STnc1820
STnc3920	1	1	1	1	60.21		1	1	1	1	1	1	1	1		1	1		1	1	1	1		1	1	STnc3920		sRNA	3349508	3349727	+			SL1344_STnc3920
SroG	1	1.13	0.82			1	1.27	SroG		sRNA	3379312	3379412	-			SL1344_SroG
STnc1420	1	3.3	3.59	3.64	1.19		1	0.89	1.95	1.23			1	1.16	2.06	1.54		1	0.93	STnc1420		sRNA	3382981	3383131	+			SL1344_STnc1420
RygD	1	1.37	1.64	3.59	1.96		1		1.56	1.56		1	0.95		1	0.7	0.86	0.88		1	0.94	tp8, SibD, C0730		sRNA	3383000	3383144	-			SL1344_RygD
SraF	1	1.01	1.63	1.41		tpk1, IS160, PRE-element		sRNA	3412774	3412961	+			SL1344_SraF
STnc310	1	1.05	5.01	1.62	4.69		1	8.42	1.87	2.82	9.77	1.58	1.63			1	6.92		1	3.1	8.02	15.36		1	1.19	STnc310		sRNA	3413972	3414032	-			SL1344_STnc310
SraG	1	0.72		SraG		sRNA	3472142	3472312	-			SL1344_SraG
STnc3950	1	1.36	0.71		1.1	1.47		1	0.79		1	2.32	2.8	3.95		1	0.84	STnc3950		sRNA	3480987	3481116	-			SL1344_STnc3950
STnc1660	1	1.11	1.12	0.74		STnc1660		sRNA	3489125	3489247	-			SL1344_STnc1660
STnc3960	1	1.68	2	1.32	2.34		1	2.22	1.03	1.25	1.53		STnc3960		sRNA	3491490	3491592	+			SL1344_STnc3960
STnc3970	1	2.04	1.24	1.73			1	2.55	3.79	4.89		1	1	STnc3970		sRNA	3507628	3507677	-			SL1344_STnc3970
ArcZ	1	1.09	5.78	9.85	16.3		1	1.59	2.07	0.87	2.56	4.09	1.63	2.95		1			1	1.07	1.21	1.49		1	0.94	SraH, ryhA		sRNA	3511800	3511917	+			SL1344_ArcZ
STnc3060	1	1.13	0.8	0.96		STnc3060		sRNA	3533708	3533783	+			SL1344_STnc3060
STnc3050	1	2.01	1.77	6.06	3.06		1			1	2.04	STnc3050		sRNA	3543529	3543654	-			SL1344_STnc3050
STnc2100	1	0.83		0.7		1	0.9		1	4.27	1.57	4.24		1	1.08	STnc2100		sRNA	3550903	3550965	+			SL1344_STnc2100
STnc3990	1	0.84	0.91	0.78			1	1.17	1.33	1.42	2.33	1.81	1.43	1.21		1	1.22		1	1.88	0.98	2.18		1	1.16	STnc3990		sRNA	3587262	3587429	-			SL1344_STnc3990
STnc1670	1	1	1.9	10.56	1		1	1	14.31	1	1.66	4.08	1	42.29		1			1	1.27	5.92	1.46		1	1	STnc1670		sRNA	3593794	3593896	+			SL1344_STnc1670
STnc4000	1	0.91		STnc4000		sRNA	3619657	3619755	+			SL1344_STnc4000
STnc1590	1	1.29	1.14	1.3		1.38		1	0.77	STnc1590		sRNA	3633247	3633424	-			SL1344_STnc1590
STnc340	1		1.4		1	3.18	1.32	2.49	3.14	0.81	1.43	1.1		1	0.88		1	2.23	1.63	1.72		1	0.82	STnc340		sRNA	3657275	3657403	-			SL1344_STnc340
STnc760	1	1.38	2.57	3.1		1.34	1.28	2.27	1.94	1.37	1.77		1	1.43		1	1.51	2.14	1.97		1	6.63	STnc760		sRNA	3684975	3685117	-			SL1344_STnc760
STnc4010	1	1	1.1	1.4	6.95		1	1	1	1	8.6	1	1	1.72		1	1.35		1	3.28	1.84	2.99		1	1.04	STnc4010		sRNA	3729767	3729899	+			SL1344_STnc4010
RyhB-1	1		SraI, IS176, RfrA		sRNA	3736723	3736818	-			SL1344_RyhB-1
STnc1830	1	1	1.78	1.54	1.31		1	1.13	1.49	1.23	6.67	1	1.48	1.69		1	1.17		1	1.24	1.37	2.95		1	1.34	STnc1830		sRNA	3739679	3739898	-			SL1344_STnc1830
sRNA12	1	-	-	-	-		1	1	1	1	1.69	1	1.04	2.12		1	1.76		1	3.89	1.12	3.47		1	1	sRNA12		sRNA	3755045	3755125	-			SL1344_sRNA12
STnc770	1	0.85	1.32	2.01	0.73		1	1.97	2.2	0.99	3.44	1.54	1.01	4.53		1			1	0.96	1.77	1.46		1	0.96	sRNA6		sRNA	3778181	3778333	-			SL1344_STnc770
STnc350	1	0.83	0.82	0.74			1	5.67	2.46	2.71		1	1.55	STnc350		sRNA	3782696	3782857	-			SL1344_STnc350
STnc4020	1	1.68	1.94	0.7		1.5		1	2.08	STnc4020		sRNA	3801175	3801266	+			SL1344_STnc4020
STnc710	1	1.85	2.42	2.27	1.53		1	1.3	1.78	1.91	1.57		STnc710		sRNA	3829661	3829728	+			SL1344_STnc710
STnc1430	1	2.14	2.82	4.04		1.17	0.83		1	1.17	STM3624.1N		sRNA	3829428	3829797	-			SL1344_STnc1430
STnc780	1	1.08	0.87	0.75		STnc780		sRNA	3858666	3858993	-			SL1344_STnc780
STnc380	1			1	5.32		1	4.33	2.69	1.49		1	2.92	STnc380		sRNA	3906945	3907052	-			SL1344_STnc380
AmgR	1	1	1	1	1		1	1	1	1	1.85	1	1	1		1	1		1	1.54	1	1		1	1	AmgR		sRNA	3985660	3986859	+			SL1344_AmgR
STnc4040	1	2.16	2.18	2.99	1.01		1		1.48		1	1.07	STnc4040		sRNA	3993822	3993945	-			SL1344_STnc4040
IstR-1,2	1			1	4.18	7.19	4.05		1	0.78	IstR-1,2	IstR-1_2	sRNA	4019329	4019460	-			SL1344_IstR-1_2
IstR-1_2	1			1	4.18	7.19	4.05		1	0.78	IstR-1,2	IstR-1_2	sRNA	4019329	4019460	-			SL1344_IstR-1_2
STnc2110	1	2.2		0.72	6.84		1	1.49	STnc2110		sRNA	4030646	4030702	-			SL1344_STnc2110
STnc4250	1	1.13	0.92			1	0.92	STnc4250		sRNA	4069297	4069429	+			SL1344_STnc4250
STnc3170	1	1	1	4.3	1.27		1	1.25	1	1	1.91	2.72	1	3.21		1	1.02		1	7.76	3.49	0.9		1	2.23	STnc3170		sRNA	4070923	4071038	-			SL1344_STnc3170
STnc400	1	1.72	4.98	5.54	8.04		1	1.36	2.24	1.82	0.9		2.21	2.8		1	1.23	STnc400		sRNA	4072457	4072530	+			SL1344_STnc400
STnc1860	1	5.65	3.74	6.36	1.41		1			1	3.87	STnc1860		sRNA	4081219	4081303	-			SL1344_STnc1860
GlmZ	1	1.24	1.36			1	1.83	k19, ryiA, SraJ		sRNA	4163193	4163400	+			SL1344_GlmZ
STnc790	1	4.45	36.62	11.85	16.29		1		2.35	1.98		1	0.7	STnc790		sRNA	4209486	4209681	-			SL1344_STnc790
Spf	1	0.8			1	2.28		1	0.78	1.19	1.26		1	1.44	Spot, 42		sRNA	4230505	4230614	+			SL1344_Spf
CsrC	1	0.79	2.06	3.03		SraK, RyiB, tpk2		sRNA	4231596	4231839	+			SL1344_CsrC
STnc800	1	4.96	1.03	0.89		1.22	0.95		1	1.68	STnc800		sRNA	4236852	4237036	-			SL1344_STnc800
STnc3120	1	0.72	2.45	2.36	9.75		1	1.26	1.89	1.81	11.86	1.99	2.41	4.35		1	1.59		1	3.04	3.13	4.4		1	1.42	STnc3120		sRNA	4249943	4250101	+			SL1344_STnc3120
STnc870	1	1.4	2.19	5.61	17.85		1	0.88	0.86		STnc870		sRNA	4292541	4292598	+			SL1344_STnc870
IsrP	1	0.71	1.04			1	0.9	IsrP		sRNA	4328158	4328305	+			SL1344_IsrP
STnc4070	1	1.13	1.14	1.08			1	1.94	5.51	11.84		1	0.8	STnc4070		sRNA	4334758	4334856	-			SL1344_STnc4070
STnc4080	1	1	1	1	4.62		1	1.66	1.18	1.19	1	1	1	1		1	1		1	1.36	18.06	0.91		1	0.9	STnc4080		sRNA	4339806	4339930	-			SL1344_STnc4080
STnc1600	1	0.96	2.5	4.52	0.82		1	2.15	3.07	1.53	1.99	3.52	1.64	7.28		1			1	2.14	1.77	2.82		1	0.73	STnc1600		sRNA	4356617	4356687	+			SL1344_STnc1600
OxyS	1	1.2	0.74		0.81		1	1.1	1.39	5.09	1.23	19.25	1.05	1.1		1	3.01		1	0.71	280.24	5.78		1	1.79	OxyS		sRNA	4364306	4364424	-			SL1344_OxyS
STnc3490	1			1	2.44	1.27	1.85	8.57	0.94	1.53	1.42		1	2.52		1	0.8	2.5	1.98		1	0.72	STnc3490		sRNA	4395604	4395692	-			SL1344_STnc3490
STnc1460	1	3.94	2.61	2.59			1	0.94	STnc1460		sRNA	4403811	4404050	-			SL1344_STnc1460
STnc4100	1	0.72	0.97	1.35			1	1.74	1.01	2.45		1	1.21	STnc4100		sRNA	4448721	4448838	+			SL1344_STnc4100
STnc810	1	30.34	17.26	28.15	1.01		1	0.84	0.96		STnc2120		sRNA	4467935	4467989	-			SL1344_STnc810
STnc2130	1	12.27	15.97	16.38	5.17		1	1.04	0.72	1.17			1	1.19	1.14	1.1		1	2.12	STnc2130		sRNA	4475778	4475868	+			SL1344_STnc2130
STnc880	1	1.26	5.23	2.74	3.05		1	2.3	4.11		STnc880		sRNA	4486746	4486824	+			SL1344_STnc880
SraL	1	2.19	14.08	53.22	215.91		1			1	5.06	1.01	1.07		1	10.35	ryjA		sRNA	4526163	4526303	-			SL1344_SraL
STnc630	1	1.26	1.41	0.93			1	1.03		1	1.29	3.26	0.88		1	7.04	STnc2140		sRNA	4553814	4553973	+			SL1344_STnc630
STnc1180	1	0.96	2	2.36	1.01		1		STnc1180		sRNA	4559884	4559978	-			SL1344_STnc1180
STnc4110	1	2.75	4.66	6.04	7.31		1	0.81	0.92	1.14	4.4	1.31	1.48	4.17		1		STnc4110		sRNA	4562398	4562462	+			SL1344_STnc4110
STnc440	1	1.33	7.01	17.59	7.8		1	1.31	2.31	6.19	6.28	3.12	1.06	2.61		1	0.75		1	1.33			1	30.08	STnc440		sRNA	4580486	4580566	+			SL1344_STnc440
STnc3000	1	1.14	2.15	1.92		STnc3000		sRNA	4591419	4591506	+			SL1344_STnc3000
STnc4120	1	0.99	1.26	1.01	1.36		1	1.02	1.13	1.13	1.6	1.8	1.31	1.98		1	0.72		1	1.91	1.42	1.93		1	1.3	STnc4120		sRNA	4650288	4650411	-			SL1344_STnc4120
STnc1740	1	1.02		1.88		1	0.79	STnc1740		sRNA	4683334	4683513	-			SL1344_STnc1740
STnc2160	1	3.22	6.11	10.86	1		1	1.31	0.95			1	0.79	1.44	2.16		1	1.23	STnc2160		sRNA	4683637	4683700	-			SL1344_STnc2160
IsrQ	1	1	1	1	1		1	1	1	1	1	1	1	1		1	1		1	1	1	1		1	1	IsrQ		sRNA	4783575	4783742	+			SL1344_IsrQ
STnc4260	1		STnc4260		sRNA	4791125	4791218	+			SL1344_STnc4260
STnc4130	1	1.73	2.6	4.33	2.64		1	2.52	2.65	2.05	6.35		STnc4130		sRNA	4796789	4796864	-			SL1344_STnc4130
STnc1470	1	1.87	1.27	2.28	1.97		1		1.67	1.26		1	0.85	STnc1470		sRNA	4797958	4798032	+			SL1344_STnc1470
STnc4140	1	2.31	2.57	3.22	3.86		1	0.76	0.77	0.86	0.82			1	1.91	2.39	4.21		1	1.07	STnc4140		sRNA	4846459	4846541	-			SL1344_STnc4140
