gene	EEP	MEP	LEP	ESP	LSP	gap	25&deg;C	gap	Cold shock (15&deg;C)	pH3 shock	pH5.8 shock	NaCl shock	Bile shock	Low Fe2+ shock	Anaerobic shock	gap	Anaerobic growth	Oxygen shock	gap	NonSPI2	InSPI2	InSPI2 LowMg2+	Peroxide shock (InSPI2)	Nitric oxide shock (InSPI2)	gap	&nbsp;&nbsp;&nbsp;&nbsp;&nbsp;Common gene name	Gene Synonym	Type	Start position (4/74)	End position (4/74)	Strand	Product (EMBL DB)	4-74 ID	SL1344 Locus ID
tpke11	108	346	53	69	10		74		342	37	159	560	278	486	113		51	160		157	102	66	107	149		tpke11		sRNA	13507	13591	+			SL1344_tpke11
STnc890	62	438	89	249	114		94		383	143	201	845	438	491	495		142	208		224	269	374	107	1,574		STnc890		sRNA	14720	14783	+			SL1344_STnc890
STnc3200	9	10	18	48	33		11		0	20	14	7	12	20	82		40	11		20	18	24	22	68		STnc3200		sRNA	16445	16493	-			SL1344_STnc3200
STnc3210	9	10	39	10	89		8		19	4	20	90	13	17	10		14	41		20	65	379	6	86		STnc3210		sRNA	17025	17111	+			SL1344_STnc3210
STnc1010	157	261	339	545	1,327		61		239	368	213	346	307	230	466		314	170		360	287	756	612	606		STnc900		sRNA	41629	41708	+			SL1344_STnc1010
STnc3220	91	66	72	65	38		118		252	150	64	137	69	76	119		80	48		47	40	73	156	112		STnc3220		sRNA	61807	62034	+			SL1344_STnc3220
STnc3090	7	10	7	7	1		9		5	12	22	5	1	14	9		6	8		14	221	168	25	16		STnc3090		sRNA	66916	67048	+			SL1344_STnc3090
STnc4160	23	30	27	62	79		14		9	23	23	30	1	34	44		52	51		49	122	28	56	50		STnc4160		sRNA	66912	67051	-			SL1344_STnc4160
DapZ	559	1,604	10,198	31,764	4,082		1,806		1,721	2,868	1,257	1,492	1,124	1,654	3,134		11,150	16,380		9,464	4,399	4,165	10,799	12,749		DapZ	STnc1020,STnc820	sRNA	74847	74924	+			SL1344_DapZ
STnc3230	30	37	131	143	148		119		10	52	31	141	81	90	87		122	165		45	135	490	60	161		STnc3230		sRNA	74894	75015	-			SL1344_STnc3230
STnc470	58	56	135	406	497		64		54	103	90	493	80	78	113		134	135		736	3,615	6,293	2,035	1,462		STnc910		sRNA	94653	94741	-			SL1344_STnc470
STnc4170	79	51	63	52	33		66		124	94	73	212	42	112	92		97	93		135	89	131	98	334		STnc4170		sRNA	95102	95188	+			SL1344_STnc4170
STnc3240	47	67	60	65	13		37		85	63	72	44	40	95	99		85	65		38	72	102	62	103		STnc3240		sRNA	101322	101483	-			SL1344_STnc3240
STnc4180	57	212	122	101	2		72		249	547	486	81	26	134	63		36	70		114	63	56	52	45		STnc4180		sRNA	109243	109322	-			SL1344_STnc4180
SroA	5,493	25,371	18,751	10,449	2,890		12,656		31,407	51,734	40,294	7,928	282	26,785	25,256		8,206	5,266		3,687	3,477	1,755	3,566	3,522		tpe79		sRNA	126713	126802	-			SL1344_SroA
SgrS	167	518	335	679	130		364		589	728	322	689	384	517	1,018		598	408		531	374	400	501	757		ryaA		sRNA	128577	128808	+			SL1344_SgrS
STnc1500	26	37	59	127	55		36		24	64	43	112	9	50	89		99	109		74	169	105	80	83		STnc1500		sRNA	138100	138274	-			SL1344_STnc1500
tp2	1	0	1	2	2		1		3	0	0	0	1	0	6		3	2		1	3	5	2	6		tp2		sRNA	176086	176242	-			SL1344_tp2
STnc4190	44	55	35	23	4		48		54	27	26	69	22	73	62		32	26		37	55	51	18	68		STnc4190		sRNA	209868	209971	-			SL1344_STnc4190
STnc3250	177	140	12	24	55		194		150	231	130	110	353	413	32		20	43		81	8	9	358	33		STnc3250		sRNA	223451	223676	-			SL1344_STnc3250
STnc1510	58	98	113	186	57		45		122	93	137	167	46	179	337		187	77		69	50	200	295	345		STnc1510		sRNA	237091	237187	+			SL1344_STnc1510
STnc3100	84	128	135	137	271		87		106	92	108	236	150	116	165		142	136		136	169	204	69	156		STnc3100		sRNA	245838	245954	+			SL1344_STnc3100
STnc3110	39	42	89	127	274		71		61	81	57	154	49	50	96		88	104		59	168	324	114	165		STnc3110		sRNA	249153	249274	+			SL1344_STnc3110
t44	2,914	2,499	2,166	451	8		1,965		1,856	575	2,066	1,588	1,872	1,791	348		379	1,572		1,941	1,062	474	171	219		t44		sRNA	254126	254264	+			SL1344_t44
sRNA1	387	776	579	658	609		428		525	700	890	352	428	659	636		813	508		493	577	331	568	468		sRNA1		sRNA	257725	257790	+			SL1344_sRNA1
STnc920	475	654	431	331	26		428		445	424	442	1,014	389	585	380		239	351		514	486	330	226	203		STnc920		sRNA	259116	259164	+			SL1344_STnc920
IsrA	0	0	1	0	0		2		2	1	0	0	0	0	0		0	0		0	0	0	0	0		IsrA		sRNA	338816	339238	+			SL1344_IsrA
STnc1030	7	6	7	8	2		2		6	8	15	9	9	12	13		10	7		5	10	8	4	14		STnc1030		sRNA	350892	351095	+			SL1344_STnc1030
STnc1040	10	6	8	10	0		12		9	3	6	25	7	15	6		5	5		10	8	3	0	9		STnc1040		sRNA	351053	351100	-			SL1344_STnc1040
STnc3270	52	52	33	42	36		52		88	92	54	173	95	69	142		46	41		92	68	59	110	157		STnc3270		sRNA	376115	376194	+			SL1344_STnc3270
STnc1700	37	35	54	77	112		79		52	78	76	199	32	48	10		88	132		77	222	162	56	119		STnc1700		sRNA	386381	386476	+			SL1344_STnc1700
STnc3280	48	65	50	57	12		77		88	141	78	110	69	99	153		70	56		79	79	121	90	178		STnc3280		sRNA	418391	418463	-			SL1344_STnc3280
STnc4150	9	11	35	32	166		17		6	18	23	75	17	44	51		45	59		34	31	83	44	136		STnc4150		sRNA	436953	437082	-			SL1344_STnc4150
STnc1060	563	1,045	1,972	3,233	2,505		1,751		2,503	1,809	1,317	3,059	244	1,411	1,874		2,232	1,853		1,991	1,772	4,377	2,512	4,110		STnc1060		sRNA	466718	466783	-			SL1344_STnc1060
SraA	3	10	7	10	2		10		6	15	23	16	9	15	19		9	10		12	27	14	10	14		psrA/t15		sRNA	504870	504976	-			SL1344_SraA
STnc930	61	66	73	56	149		157		74	76	57	75	64	85	155		145	64		99	144	96	317	149		STnc930		sRNA	514484	514578	+			SL1344_STnc930
STnc3130	29	61	101	208	142		38		42	51	55	106	1	73	152		211	142		154	146	78	163	267		STnc3130		sRNA	545302	545385	-			SL1344_STnc3130
ChiX	52,131	39,128	50,159	74,007	88,840		34,186		61,364	73,649	44,147	49,147	30,624	41,548	56,036		44,804	35,261		88,361	72,142	120,426	148,614	181,741		MicM, SroB, RybC		sRNA	555450	555566	+			SL1344_ChiX
STnc950	15	40	73	165	25		19		36	19	23	20	9	35	91		46	56		61	30	90	24	108		STnc950		sRNA	569023	569074	+			SL1344_STnc950
STnc480	56	215	357	661	342		161		245	191	162	316	204	204	384		311	220		439	316	687	426	639		STnc970		sRNA	587347	587412	-			SL1344_STnc480
STnc1870	8	22	4	3	30		10		15	1	7	8	5	13	1		14	3		8	11	6	7,830	10		STnc1870		sRNA	617317	617426	+			SL1344_STnc1870
STnc3180	10	28	27	44	18		0		6	29	30	33	0	17	14		42	48		13	145	239	57	34		STnc3180		sRNA	668611	668719	+			SL1344_STnc3180
STnc070	1,296	3,156	2,798	2,207	144		1,062		1,760	1,781	4,921	2,311	1,421	2,763	2,510		4,403	10,399		1,868	2,989	1,662	8,027	3,386		STnc070		sRNA	669642	669793	+			SL1344_STnc070
sRNA10	129	149	194	208	531		121		169	85	234	167	142	184	236		340	189		256	502	1,025	293	429		sRNA10		sRNA	679315	679410	-			SL1344_sRNA10
STnc3550	16	17	35	34	21		9		16	22	19	19	10	16	88		51	28		22	57	91	33	26		STnc3550		sRNA	689844	689990	-			SL1344_STnc3550
SroC	78	518	2,340	2,254	1,847		190		418	848	300	426	694	561	497		124	374		723	982	111	909	532		SroC		sRNA	728172	728324	-			SL1344_SroC
STnc3290	22	22	32	39	34		25		36	21	36	79	30	42	43		38	60		92	131	214	120	123		STnc3290		sRNA	738320	738476	+			SL1344_STnc3290
STnc3300	31	46	68	73	151		39		64	110	49	158	126	67	240		50	54		67	48	97	145	135		STnc3300		sRNA	748530	748639	-			SL1344_STnc3300
sRNA9	1,117	778	593	312	39		815		989	611	747	1,218	627	574	227		303	543		710	356	360	635	526		sRNA9		sRNA	756377	756436	-			SL1344_sRNA9
RybD	211	1,107	3,323	3,373	258		1,010		1,099	905	899	813	1,327	1,378	2,289		808	1,197		1,342	583	733	1,284	1,619		RybD	STnc830	sRNA	807346	807429	+			SL1344_RybD
STnc3340	53	69	29	29	4		49		63	49	80	455	78	101	52		33	65		73	58	52	92	123		STnc3340		sRNA	863329	863391	-			SL1344_STnc3340
STnc980	40	40	21	21	36		22		21	28	109	77	54	55	25		65	92		15	36	96	79	105		STnc980		sRNA	889558	889714	-			SL1344_STnc980
RybA	524	318	831	714	2,759		582		4,398	2,046	447	3,921	747	517	81		222	1,279		281	1,216	2,648	7,703	2,345		RybA		sRNA	901301	901397	-			SL1344_RybA
STnc1200	430	1,038	826	2,803	166		549		320	912	907	997	60	1,201	1,529		1,402	1,265		1,258	1,027	580	1,530	1,624		STnc1200		sRNA	924769	924838	-			SL1344_STnc1200
STnc1710	73	76	110	237	834		137		191	167	116	201	42	99	123		158	169		108	104	244	351	233		STnc1710		sRNA	932197	932336	+			SL1344_STnc1710
RybB	430	582	412	317	5,218		631		1,579	479	338	1,333	601	291	745		1,192	270		519	621	11,658	815	1,173		p25		sRNA	941815	941893	-			SL1344_RybB
STnc490	0	0	0	0	0		0		0	0	0	0	0	0	0		0	0		0	0	0	0	0		STnc490		sRNA	981622	981711	-			SL1344_STnc490
STnc3310	155	146	138	121	150		168		170	146	166	175	161	143	188		201	169		160	224	291	140	288		STnc3310		sRNA	1009199	1009379	-			SL1344_STnc3310
STnc3330	0	2	10	27	6		0		4	15	4	0	14	4	182		29	1		0	2	6	10	3		STnc3330		sRNA	1024493	1024591	-			SL1344_STnc3330
STnc3350	67	72	45	70	19		84		58	157	49	29	68	61	88		41	64		105	72	83	83	176		STnc3350		sRNA	1047936	1048028	+			SL1344_STnc3350
STnc4200	108	124	94	43	26		193		553	149	130	195	104	146	210		128	94		136	198	180	127	291		STnc4200		sRNA	1055773	1055892	+			SL1344_STnc4200
IsrB-2	0	1	6	2	0		1		0	2	1	2	5	6	8		6	6		1	1	0	0	0		IsrB-2		sRNA	1060740	1060833	-			SL1344_IsrB-2
IsrB-1	354	436	494	1,062	137		419		293	450	400	828	52	455	436		474	414		1,228	537	377	810	677		IS092		sRNA	1060741	1060835	+			SL1344_IsrB-1
STnc1080	1,172	1,092	1,057	1,950	168		1,253		663	642	915	1,770	115	1,282	1,028		1,360	1,584		3,335	2,217	1,295	2,178	2,130		STnc1080		sRNA	1062745	1062806	-			SL1344_STnc1080
STnc3390	11	1	8	10	2		3		20	12	8	12	7	7	37		28	9		8	12	402	15	31		STnc3390		sRNA	1113731	1113815	-			SL1344_STnc3390
STnc1880	237	144	146	63	42		324		670	223	163	236	122	151	239		163	124		99	76	173	121	211		STnc1880		sRNA	1153745	1153841	+			SL1344_STnc1880
STnc3400	17	17	27	37	29		20		44	48	24	61	17	21	9		34	44		20	43	115	18	31		STnc3400		sRNA	1154915	1154976	+			SL1344_STnc3400
STnc500	117	163	3,431	1,055	619		95		179	443	152	225	169	178	692		4,425	1,933		466	297	341	404	515		STnc500		sRNA	1172561	1172641	-			SL1344_STnc500
STnc3040	9	12	22	21	83		18		17	12	14	104	12	19	42		21	28		19	9	41	48	88		STnc3040		sRNA	1198646	1198752	+			SL1344_STnc3040
STnc840	469	574	841	1,203	461		266		608	222	332	1,889	157	315	958		964	661		1,683	116	695	1,252	1,741		STnc840		sRNA	1224244	1224316	+			SL1344_STnc840
SraB	807	735	658	307	38		458		584	532	589	334	349	527	622		852	704		532	437	661	216	717		pke2		sRNA	1231270	1231378	+			SL1344_SraB
STnc850	91	98	199	518	4,292		184		74	149	178	1,145	151	147	151		163	470		210	262	270	304	348		STnc850		sRNA	1252598	1252673	+			SL1344_STnc850
STnc1090	39	50	42	26	13		27		62	37	34	71	56	63	90		71	57		54	57	144	35	116		STnc1090		sRNA	1252560	1252626	-			SL1344_STnc1090
STnc3410	49	231	216	266	78		107		159	274	309	117	27	257	341		433	227		151	340	366	265	322		STnc3410		sRNA	1254996	1255077	-			SL1344_STnc3410
STnc150	35	29	42	45	67		79		50	60	30	83	55	51	50		69	52		50	130	322	64	90		STnc150		sRNA	1282521	1282677	-			SL1344_STnc150
IsrC	4	2	7	8	6		4		4	3	8	24	5	2	9		9	17		6	6	6	7	8		IS102		sRNA	1285998	1286285	+			SL1344_IsrC
STnc3420	7	6	26	21	39		16		30	15	16	32	20	10	38		27	15		22	22	35	27	32		STnc3420		sRNA	1289667	1289799	-			SL1344_STnc3420
STnc520	274	538	1,705	4,546	61		352		129	582	868	922	437	795	760		3,217	5,241		458	471	299	693	439		STnc520		sRNA	1290590	1290674	-			SL1344_STnc520
STnc1760	59	48	55	73	175		47		70	125	59	35	22	73	111		99	68		41	47	67	138	79		STnc1760		sRNA	1292835	1292935	-			SL1344_STnc1760
STnc1210	228	401	217	779	662		452		250	369	365	926	18	745	767		312	305		268	169	250	210	698		STnc1210		sRNA	1292956	1293014	+			SL1344_STnc1210
STnc1990	105	110	176	89	91		128		152	128	158	392	242	173	168		125	178		138	139	181	134	349		STnc1990		sRNA	1294841	1294974	+			SL1344_STnc1990
STnc3430	60	63	64	72	51		16		85	53	73	102	49	72	107		81	87		45	117	130	138	176		STnc3430		sRNA	1294946	1295057	-			SL1344_STnc3430
IsrD	0	0	0	1	0		0		0	0	0	0	0	0	0		5	0		0	0	0	0	1		IsrD		sRNA	1302591	1302641	-			SL1344_IsrD
STnc3440	19	21	103	66	161		14		19	6	16	55	60	30	35		65	108		54	235	348	18	162		STnc3440		sRNA	1303294	1303380	+			SL1344_STnc3440
RyhB-2	161	109	22	37	7,840		103		230	248	103	115	776	3,330	41		24	46		217	18	10	3,260	319		isrE, RfrB		sRNA	1309727	1309937	-			SL1344_RyhB-2
STnc1480	11	13	67	268	31		14		9	17	33	56	10	15	49		77	56		35	818	4,078	205	61		STnc1480		sRNA	1316874	1317268	+			SL1344_STnc1480
STnc1640	30	114	400	1,091	1,302		111		141	300	180	273	15	160	534		740	486		131	137	126	118	207		STnc1640		sRNA	1345883	1345970	+			SL1344_STnc1640
STnc2010	17	29	63	102	43		19		24	37	40	32	43	24	58		97	54		58	102	96	40	133		STnc2010		sRNA	1353832	1353959	+			SL1344_STnc2010
STnc3570	262	234	198	175	20		163		374	334	411	278	158	409	474		352	169		209	228	308	555	493		STnc3570		sRNA	1359017	1359183	-			SL1344_STnc3570
STnc3460	135	115	83	60	63		111		151	90	158	144	125	80	62		85	84		87	81	140	180	114		STnc3460		sRNA	1363846	1363967	+			SL1344_STnc3460
STnc4210	2	13	342	1,510	2,404		8		26	29	22	94	6	41	63		717	991		63	404	440	191	398		STnc4210		sRNA	1363925	1363997	-			SL1344_STnc4210
STnc540	286	351	407	984	327		302		283	580	470	418	293	372	491		656	530		350	578	409	363	489		sRNA14		sRNA	1376271	1376364	+			SL1344_STnc540
RprA	265	726	1,344	3,685	27,897		1,767		554	957	1,610	15,719	2,214	661	1,015		1,640	2,433		3,956	1,824	1,139	2,295	2,041		IS083		sRNA	1401682	1401790	-			SL1344_RprA
RydB	127	178	263	518	123		181		223	415	304	100	31	278	341		764	256		651	604	891	486	786		tpe7, IS082		sRNA	1407278	1407371	+			SL1344_RydB
STnc1220	2	2	12	34	329		0		0	7	2	96	13	5	12		14	13		4	14	104	17	73		STnc1220		sRNA	1448718	1448790	-			SL1344_STnc1220
STnc4220	459	597	555	586	73		525		450	738	1,026	278	218	648	259		258	575		921	1,218	518	589	239		STnc4220		sRNA	1464776	1464870	-			SL1344_STnc4220
STnc3500	8	10	16	29	58		12		14	10	8	61	21	13	44		46	20		17	23	74	88	69		STnc3500		sRNA	1495398	1495512	+			SL1344_STnc3500
STnc3510	24	41	105	57	23		23		23	36	55	37	42	61	65		59	68		68	66	28	21	60		STnc3510		sRNA	1506482	1506596	-			SL1344_STnc3510
STnc3480	65	79	66	32	5		220		47	114	132	26	31	59	35		23	37		28	23	23	12	23		STnc3480		sRNA	1519287	1519547	+			SL1344_STnc3480
MgrR	6,440	5,177	7,295	8,252	6,896		8,195		7,791	8,024	9,127	7,203	6,598	5,111	5,056		6,885	4,272		12,866	11,667	12,659	14,576	12,706		MgrR	STnc560	sRNA	1550746	1550844	+			SL1344_MgrR
STnc2170	51	51	28	31	22		51		42	57	198	205	274	110	91		48	33		51	45	101	74	181		STnc2170		sRNA	1553669	1553737	-			SL1344_STnc2170
STnc3530	60	63	76	48	6		64		65	60	91	92	105	74	25		11	71		107	83	57	43	47		STnc3530		sRNA	1564332	1564503	+			SL1344_STnc3530
IsrF	13	26	23	22	3		31		24	27	16	37	27	29	36		28	22		23	20	18	27	27		IsrF		sRNA	1586724	1587013	-			SL1344_IsrF
STnc3540	65	87	154	192	12		36		88	92	114	39	117	166	112		156	144		133	166	132	62	73		STnc3540		sRNA	1605727	1605912	-			SL1344_STnc3540
STnc1110	199	217	372	683	892		239		118	173	125	274	189	222	182		419	511		289	274	694	130	326		STnc1110		sRNA	1643465	1643658	+			SL1344_STnc1110
RyjB	257	397	565	1,309	840		281		138	266	323	488	122	474	770		1,090	920		1,030	1,226	854	1,103	1,182		RyjB	STnc1120	sRNA	1662190	1662282	-			SL1344_RyjB
RydC	8,202	7,813	5,973	9,436	7,803		2,909		9,224	20,522	9,645	8,540	6,398	6,968	11,494		3,906	2,982		27,356	13,176	10,272	30,216	35,042		IS067		sRNA	1686526	1686591	+			SL1344_RydC
MicC	90	79	103	236	109		110		74	69	73	113	58	71	54		145	293		251	148	132	68	124		IS063, tke8		sRNA	1702531	1702639	-			SL1344_MicC
FnrS	26	44	90	2,509	13		53		66	75	42	66	97	39	15,980		17,036	123		59	61	61	32	104		FnrS	STnc580	sRNA	1706784	1706905	-			SL1344_FnrS
STnc2030	0	5	9	30	818		8		0	6	10	32	2	5	3		12	10		8	5	10	3	20		STnc2030		sRNA	1784673	1784725	+			SL1344_STnc2030
STnc1270	543	471	639	266	40		601		638	759	745	498	550	531	391		704	425		329	509	610	211	330		STnc1270		sRNA	1789368	1789691	-			SL1344_STnc1270
STnc3580	55	42	92	83	132		35		91	82	93	194	51	87	206		148	54		108	32	39	184	218		STnc3580		sRNA	1798747	1798826	+			SL1344_STnc3580
STnc3600	11	11	12	15	19		3		6	7	16	99	17	16	16		18	18		66	24	57	89	81		STnc3600		sRNA	1812121	1812328	+			SL1344_STnc3600
STnc2040	2	4	8	192	42		2		0	3	4	3	0	2	710		21	12		11	37	23	19	21		STnc2040		sRNA	1819352	1819414	-			SL1344_STnc2040
STnc3610	49	28	47	28	42		27		55	60	46	90	39	44	46		31	44		127	83	109	47	136		STnc3610		sRNA	1850045	1850400	-			SL1344_STnc3610
STnc3620	19	21	94	111	53		23		8	29	32	137	66	56	61		79	116		20	29	122	33	51		STnc3620		sRNA	1866668	1866747	+			SL1344_STnc3620
STnc3630	11	24	84	381	46		19		45	73	20	39	31	22	644		968	95		17	47	125	56	112		STnc3630		sRNA	1894039	1894125	+			SL1344_STnc3630
STnc1130	47	40	47	41	15		38		43	67	34	100	62	37	50		57	44		88	95	248	55	171		STnc1130		sRNA	1913615	1913755	-			SL1344_STnc1130
STnc3640	11	21	49	42	30		28		70	37	26	40	16	32	40		39	45		40	31	60	50	137		STnc3640		sRNA	1915824	1916082	+			SL1344_STnc3640
SraC	122	146	414	505	180		219		525	507	316	471	166	271	159		262	641		496	460	763	2,013	1,959		RyeA		sRNA	1925543	1925853	+			SL1344_SraC
SdsR	1,080	826	2,198	7,467	179,986		1,448		919	1,460	852	2,136	1,333	899	2,216		4,408	2,533		1,711	6,646	44,171	2,268	2,429		RyeB, tpke79		sRNA	1925621	1925723	-			SL1344_SdsR
STnc1690	131	273	263	711	547		102		210	360	275	338	8	263	343		209	252		777	358	161	349	452		STnc1690		sRNA	1931455	1931546	+			SL1344_STnc1690
STnc200	44	103	77	87	74		56		146	38	82	86	70	130	258		127	72		99	155	100	164	138		STnc200		sRNA	1937130	1937244	-			SL1344_STnc200
RyeF	21	25	19	20	221		19		192	19	16	92	30	23	28		75	26		35	66	387	22	30		RyeF	STnc860	sRNA	1958513	1958819	-			SL1344_RyeF
STnc2180	5,090	4,026	4,536	622	3		10,261		10,375	2,794	7,505	11,266	1,519	1,703	1,913		1,568	2,072		4,605	1,763	2,450	153	1,921		STnc2180		sRNA	1992863	1992913	-			SL1344_STnc2180
DsrA	489	1,373	1,527	1,925	881		1,076		2,099	1,912	800	3,084	813	1,315	3,963		1,693	892		2,153	1,484	1,933	2,334	6,416		DsrA		sRNA	2026216	2026302	-			SL1344_DsrA
RseX	6	4	16	15	7		3		7	5	7	34	7	4	8		4	5		19	7	9	15	15		RseX		sRNA	2034743	2034837	+			SL1344_RseX
STnc1280	235	602	1,049	3,237	3,805		398		435	839	521	575	255	800	1,882		1,593	1,259		2,462	5,407	2,769	2,565	2,316		STnc1280		sRNA	2039984	2040056	+			SL1344_STnc1280
STnc1290	5,737	6,537	5,282	8,559	17,968		5,989		2,530	5,749	5,916	9,353	368	6,773	7,102		8,128	7,923		15,381	19,202	7,574	12,070	11,967		STnc1290		sRNA	2070801	2070988	-			SL1344_STnc1290
STnc1300	1,598	1,432	1,150	2,259	427		1,760		1,024	1,105	1,222	2,725	216	1,772	2,376		2,694	2,803		6,750	3,020	3,839	4,701	5,099		STnc1300		sRNA	2071271	2071409	+			SL1344_STnc1300
STnc1310	138	230	408	573	49		77		241	451	243	531	434	189	533		583	316		425	189	928	681	1,111		STnc1310		sRNA	2073265	2073338	+			SL1344_STnc1310
STnc2050	1,049	1,608	549	141	5		1,833		6,433	2,234	1,299	1,565	779	989	249		100	302		927	861	80	17	63		STnc2050		sRNA	2082064	2082105	+			SL1344_STnc2050
STnc3680	163	214	139	156	35		197		206	266	245	92	60	194	137		141	125		86	62	49	64	102		STnc3680		sRNA	2088048	2088167	+			SL1344_STnc3680
STnc1530	15	40	40	92	133		25		53	75	50	58	15	37	82		108	81		35	45	197	79	166		STnc1530		sRNA	2101640	2101718	+			SL1344_STnc1530
STnc3700	51	25	25	68	39		24		50	44	93	95	28	36	101		65	33		80	78	188	163	148		STnc3700		sRNA	2131885	2131995	+			SL1344_STnc3700
STnc1650	46	62	59	93	69		47		69	106	55	60	32	62	117		137	82		65	57	128	112	173		STnc1650		sRNA	2132959	2133102	+			SL1344_STnc1650
STnc700	1,726	1,446	1,628	1,529	330		1,437		3,989	2,399	1,755	2,532	1,165	1,748	2,888		1,884	1,381		3,117	2,989	2,061	2,595	3,996		STnc700		sRNA	2147102	2147280	+			SL1344_STnc700
STnc1320	25	44	33	48	47		30		34	42	61	52	41	55	88		74	45		52	49	90	86	106		STnc1320		sRNA	2174386	2174470	+			SL1344_STnc1320
RyeC	733	1,460	3,087	7,282	1,990		469		665	1,932	981	2,756	150	2,401	4,454		5,010	3,670		3,732	4,763	2,728	4,524	3,421		tp11, SibA		sRNA	2211623	2211760	+			SL1344_RyeC
STnc1150	326	392	513	490	219		143		372	548	427	434	577	423	333		247	411		750	1,069	1,045	1,081	848		STnc2060		sRNA	2222979	2223134	+			SL1344_STnc1150
CyaR	427	2,697	13,101	17,682	798		1,240		4,408	7,129	430	1,268	4,981	1,416	12,197		6,046	881		3,669	660	144	2,052	1,088		ryeE		sRNA	2228847	2228932	+			SL1344_CyaR
STnc740	76	58	79	119	164		78		86	119	71	293	100	95	94		69	72		181	120	144	181	255		STnc740		sRNA	2240283	2240366	-			SL1344_STnc740
STnc1890	13	49	37	125	1,513		15		61	10	42	60	7	68	60		44	54		36	39	317	275	240		STnc1890		sRNA	2250891	2250938	+			SL1344_STnc1890
STnc3720	11	12	31	86	69		8		21	19	19	46	13	29	74		53	40		17	32	181	55	127		STnc3720		sRNA	2264259	2264328	+			SL1344_STnc3720
STnc1330	69	69	311	585	1,036		137		60	86	50	1,668	223	119	294		400	342		209	353	1,551	509	1,802		STnc1330		sRNA	2268274	2268414	+			SL1344_STnc1330
STnc3010	143	136	207	121	16		182		185	189	131	198	208	174	245		197	165		200	128	128	146	245		STnc3010		sRNA	2310959	2311126	-			SL1344_STnc3010
STnc1340	250	88	166	1,365	218		104		271	1,737	225	181	125	150	1,433		653	117		120	86	121	186	158		STnc1340		sRNA	2319956	2320037	-			SL1344_STnc1340
STnc1540	94	188	155	367	190		100		76	188	182	240	40	220	272		284	215		339	383	108	145	203		STnc1540		sRNA	2321042	2321137	-			SL1344_STnc1540
IsrG	7	6	4	2	0		2		4	2	5	2	2	7	1		3	9		6	11	10	0	2		IsrG		sRNA	2342448	2342729	+			SL1344_IsrG
MicF	641	961	937	322	1,581		969		647	2,826	3,861	2,162	3,797	2,268	3,474		3,372	1,177		59	541	2,031	709	609		MicF		sRNA	2364629	2364721	+			SL1344_MicF
IsrH_1_2	2	2	2	6	13		1		0	2	2	11	1	2	4		1	4		3	69	104	25	25		IsrH_1_2		sRNA	2392019	2392469	-			SL1344_IsrH_1_2
STnc1550	82	84	265	224	120		53		92	176	78	139	98	79	189		170	100		117	51	74	110	124		STnc1550		sRNA	2437665	2437806	+			SL1344_STnc1550
STnc1560	239	1,333	492	535	405		399		693	1,671	1,590	1,170	181	1,305	1,695		998	539		325	610	293	666	531		STnc1560		sRNA	2449075	2449183	+			SL1344_STnc1560
STnc3730	7	22	32	41	25		11		18	32	47	42	28	22	30		24	31		60	94	136	85	63		STnc3730		sRNA	2449087	2449281	-			SL1344_STnc3730
STnc3740	27	39	45	137	945		27		11	33	27	76	7	56	80		127	147		105	211	303	125	169		STnc3740		sRNA	2459768	2459846	+			SL1344_STnc3740
STnc3750	0	6	31	62	156		9		3	10	5	70	19	12	26		35	46		19	183	171	40	94		STnc3750		sRNA	2503726	2503803	-			SL1344_STnc3750
tpke70	3	7	6	6	4		5		21	9	3	11	6	5	8		5	9		5	10	11	3	10		tpke70		sRNA	2513324	2513722	-			SL1344_tpke70
STnc3760	35	60	52	65	20		33		44	62	69	108	44	101	248		174	72		68	53	53	185	146		STnc3760		sRNA	2515508	2515633	+			SL1344_STnc3760
STnc2070	1,333	866	706	832	302		1,654		1,746	1,267	726	2,212	421	1,246	892		1,019	1,444		693	1,665	1,946	1,099	1,782		STnc1370		sRNA	2672469	2672567	-			SL1344_STnc2070
RyfA	91	130	144	181	26		53		60	72	140	111	164	179	214		314	202		109	318	385	364	202		tp1, PAIR3		sRNA	2672651	2672944	+			SL1344_RyfA
GlmY	2,515	2,770	1,873	2,326	1,670		1,424		2,288	1,359	2,016	3,131	316	3,110	1,497		2,696	3,655		6,176	8,508	3,973	3,204	1,663		tke1, sroF		sRNA	2705381	2705564	-			SL1344_GlmY
STnc1380	196	393	288	858	19		471		214	255	404	725	41	563	729		857	785		523	446	323	608	566		STnc1380		sRNA	2729634	2729701	-			SL1344_STnc1380
STnc3770	80	84	38	64	15		146		258	202	77	149	42	91	127		80	62		88	64	72	69	144		STnc3770		sRNA	2743288	2743373	+			SL1344_STnc3770
STnc1920	91	75	134	206	123		66		61	137	105	148	113	74	202		130	105		189	138	193	112	270		STnc1920		sRNA	2756549	2756646	+			SL1344_STnc1920
IsrI	20	11	32	31	31		26		39	7	10	37	12	15	25		31	38		16	36	78	22	67		IsrI		sRNA	2759018	2759265	-			SL1344_IsrI
STnc2080	326	322	696	1,686	8,801		277		421	467	407	633	312	364	762		1,015	574		833	2,081	4,279	1,738	1,992		STnc2080		sRNA	2759410	2759518	-			SL1344_STnc2080
IsrJ	555	542	501	394	1,617		330		452	489	690	1,539	461	666	707		597	818		504	491	844	1,398	976		IsrJ		sRNA	2759646	2759717	-			SL1344_IsrJ
STnc1160	3,574	4,283	3,108	9,763	35,063		3,177		1,268	4,475	4,953	5,347	402	6,466	4,979		6,467	5,695		9,900	13,195	7,649	9,432	6,988		STnc1160		sRNA	2760372	2760451	-			SL1344_STnc1160
IsrK	753	962	763	677	228		543		1,100	559	1,032	953	252	1,478	571		524	995		807	1,468	650	394	765		IsrK		sRNA	2760480	2760556	-			SL1344_IsrK
STnc1390	958	2,465	1,511	4,071	1,462		1,382		1,683	2,720	2,452	3,150	323	2,774	2,483		2,335	2,226		2,234	1,604	1,651	4,309	3,452		STnc1390		sRNA	2767704	2767767	+			SL1344_STnc1390
STnc1400	599	1,566	1,125	1,191	52		728		1,221	2,442	1,578	1,035	97	1,665	825		866	782		967	1,314	1,012	1,281	908		STnc1400		sRNA	2770951	2771060	-			SL1344_STnc1400
STnc3160	39	70	244	141	545		63		96	52	79	81	90	103	288		199	102		75	81	73	31	191		STnc3160		sRNA	2807810	2807900	-			SL1344_STnc3160
STnc2090	17	110	322	2,639	3,170		76		116	149	44	451	444	367	34,779		15,431	292		216	377	641	4,080	1,367		STnc2090		sRNA	2808306	2808464	+			SL1344_STnc2090
sRNA3	318	393	435	720	175		588		2,462	1,974	420	1,362	623	599	768		674	533		920	860	849	931	2,084		sRNA3		sRNA	2808504	2808645	+			SL1344_sRNA3
STnc3790	20	8	17	16	15		13		42	26	5	43	19	11	46		40	26		19	19	26	101	77		STnc3790		sRNA	2810663	2810737	+			SL1344_STnc3790
STnc3800	108	127	118	80	174		72		100	121	201	273	144	192	218		108	122		103	146	276	341	265		STnc3800		sRNA	2824672	2825000	-			SL1344_STnc3800
STnc4230	162	220	196	125	26		479		229	515	279	88	228	268	81		160	176		205	190	146	71	200		STnc4230		sRNA	2831934	2832038	+			SL1344_STnc4230
IsrL	17	8	20	16	2		3		11	10	14	11	21	14	17		17	17		17	13	10	8	17		IsrL		sRNA	2850244	2850588	-			SL1344_IsrL
STnc3070	112	190	124	363	375		102		86	655	162	563	341	323	962		384	170		173	183	317	738	575		STnc3070		sRNA	2851166	2851225	-			SL1344_STnc3070
IsrM	3	1	2	1	0		2		3	1	0	4	1	3	6		4	2		2	1	5	1	3		IsrM		sRNA	2927616	2927944	+			SL1344_IsrM
IsrN	0	0	1	0	0		1		1	0	0	1	1	0	0		1	1		0	0	0	0	0		IsrN		sRNA	2929501	2929643	+			SL1344_IsrN
STnc3080	18	27	3	0	48		5		29	38	16	49	117	549	19		6	5		12	1	2	135	31		STnc3080		sRNA	2974260	2974404	-			SL1344_STnc3080
MicA	752	754	345	1,078	18,120		599		14,612	1,872	772	11,798	643	542	4,489		12,373	617		370	1,389	29,599	3,861	3,135		sraD		sRNA	2989429	2989502	+			SL1344_MicA
C0664	1	0	1	0	0		3		0	0	3	2	0	1	4		2	1		2	2	1	0	87		C0664		sRNA	3010214	3010321	+			SL1344_C0664
STnc4240	469	355	293	90	26		654		581	536	280	485	312	426	239		149	193		256	86	54	12	155		STnc4240		sRNA	3037101	3037394	+			SL1344_STnc4240
STnc3020	9	16	8	10	8		8		19	10	9	39	5	17	26		12	5		17	321	312	95	75		STnc3020		sRNA	3038687	3038786	+			SL1344_STnc3020
STnc1410	49	48	56	50	216		68		104	112	33	180	49	65	101		83	53		56	38	67	101	126		STnc1410		sRNA	3048830	3049012	+			SL1344_STnc1410
InvR	794	1,005	9,616	36,416	11,480		917		1,074	1,824	1,012	1,882	1,167	1,084	1,171		12,351	19,069		2,006	301	500	1,567	2,045		InvR	STnc270	sRNA	3067500	3067579	+			SL1344_InvR
STnc3140	112	57	53	93	214		50		66	59	297	311	64	71	47		20	58		3,106	1,201	1,261	113	288		STnc3140		sRNA	3109885	3109981	-			SL1344_STnc3140
CsrB	4,260	7,093	7,296	8,211	814		8,588		5,253	6,973	1,691	3,751	3,577	7,964	10,762		9,476	5,380		4,609	729	1,483	3,108	4,120		CsrB		sRNA	3138160	3138522	-			SL1344_CsrB
GcvB	14,905	25,850	15,800	6,382	97		27,471		15,008	27,484	18,689	3,835	41,397	14,085	22,539		35,321	20,045		50	41	483	392	188		IS145		sRNA	3156779	3156979	+			SL1344_GcvB
STnc3830	52	46	57	66	78		84		65	198	53	249	77	55	195		34	44		45	27	56	259	110		STnc3830		sRNA	3186446	3186537	-			SL1344_STnc3830
OmrA	476	501	864	651	1,914		750		572	1,048	2,104	1,501	1,457	1,006	1,403		1,255	504		160	834	1,595	953	545		rygB		sRNA	3191584	3191670	-			SL1344_OmrA
OmrB	1,720	1,949	3,140	1,019	405		2,228		2,618	3,051	8,307	5,476	4,768	4,221	4,890		1,731	856		255	2,934	4,781	3,477	1,657		t59, rygA, sraE		sRNA	3191785	3191870	-			SL1344_OmrB
STnc290	300	403	881	1,579	868		166		599	773	346	853	311	451	999		636	358		1,071	504	924	1,648	1,742		STnc290		sRNA	3215639	3215717	-			SL1344_STnc290
IsrO	74	60	56	34	35		60		141	107	48	129	67	74	68		49	64		29	32	72	26	48		IsrO		sRNA	3219100	3219300	+			SL1344_IsrO
SsrS	19,711	38,335	36,247	64,900	103,519		24,674		14,421	39,179	38,374	55,093	1,900	39,515	75,257		66,217	42,346		34,288	52,693	46,479	49,451	46,086		6S		sRNA	3242594	3243000	+			SL1344_SsrS
RygC	1,713	2,774	4,024	6,261	4,403		651		1,002	3,769	2,497	1,481	376	3,636	1,960		4,333	6,638		6,101	7,066	5,719	2,599	5,219		t27, SibC, QUAD1c		sRNA	3243669	3243813	+			SL1344_RygC
STnc3030	58	54	157	90	23		110		209	265	27	47	175	54	126		44	30		59	48	37	19	32		STnc3030		sRNA	3250106	3250210	+			SL1344_STnc3030
STnc750	504	720	683	476	744		633		706	434	560	347	691	591	551		525	609		217	335	389	307	470		sRNA8		sRNA	3261185	3261273	-			SL1344_STnc750
STnc3150	13	39	10	14	6		35		67	50	25	108	74	77	69		19	20		19	32	134	28	76		STnc3150		sRNA	3273499	3273824	-			SL1344_STnc3150
STnc3850	43	47	55	39	5		105		60	69	66	27	57	82	73		31	28		32	35	29	19	40		STnc3850		sRNA	3275931	3276099	-			SL1344_STnc3850
STnc3860	17	18	13	34	70		9		17	160	11	30	24	26	40		30	20		9	14	13	36	25		STnc3860		sRNA	3283748	3283844	-			SL1344_STnc3860
STnc3870	6	22	23	48	64		25		27	15	12	87	21	15	94		79	46		55	58	36	137	137		STnc3870		sRNA	3296886	3297024	-			SL1344_STnc3870
STnc3880	6	12	113	106	34		8		43	68	10	60	33	22	18		14	30		50	36	155	77	200		STnc3880		sRNA	3305410	3305515	+			SL1344_STnc3880
STnc1170	9	6	27	186	15		3		26	12	10	33	11	17	380		548	49		14	18	11	5	32		STnc1170		sRNA	3312429	3312525	-			SL1344_STnc1170
STnc3890	101	92	135	250	216		113		240	223	189	481	45	210	100		127	153		208	152	166	564	946		STnc3890		sRNA	3322951	3323033	+			SL1344_STnc3890
STnc1820	274	207	176	115	205		244		504	272	399	739	105	266	289		235	177		114	148	133	536	217		STnc1820		sRNA	3349037	3349187	-			SL1344_STnc1820
STnc3920	1	1	0	2	602		1		2	0	3	9	1	3	1		1	2		0	1	3	5	2		STnc3920		sRNA	3349508	3349727	+			SL1344_STnc3920
SroG	565	639	462	299	10		822		818	490	700	472	477	714	587		591	310		506	644	401	191	266		SroG		sRNA	3379312	3379412	-			SL1344_SroG
STnc1420	43	140	153	155	51		70		125	273	172	86	42	89	278		187	62		104	97	113	201	150		STnc1420		sRNA	3382981	3383131	+			SL1344_STnc1420
RygD	2,168	2,975	3,551	7,784	4,245		856		1,277	4,197	2,418	3,582	393	4,656	4,630		6,747	6,410		7,089	6,692	4,684	5,743	5,897		tp8, SibD, C0730		sRNA	3383000	3383144	-			SL1344_RygD
SraF	1,199	1,210	1,959	1,697	467		1,515		8,204	1,106	961	3,072	371	1,402	472		454	1,433		1,853	317	708	233	1,157		tpk1, IS160, PRE-element		sRNA	3412774	3412961	+			SL1344_SraF
STnc310	15	16	75	24	71		18		133	30	44	154	25	26	7		2	69		13	16	49	128	245		STnc310		sRNA	3413972	3414032	-			SL1344_STnc310
SraG	2,112	1,525	1,397	920	132		2,469		2,394	2,190	1,834	1,137	1,843	1,748	859		940	1,039		1,497	1,036	851	380	1,398		SraG		sRNA	3472142	3472312	-			SL1344_SraG
STnc3950	44	59	31	28	25		23		70	53	69	68	24	65	87		55	43		24	20	46	56	79		STnc3950		sRNA	3480987	3481116	-			SL1344_STnc3950
STnc1660	223	246	250	164	20		234		476	161	145	394	148	199	129		120	254		280	109	62	35	60		STnc1660		sRNA	3489125	3489247	-			SL1344_STnc1660
STnc3960	24	40	47	31	55		30		89	41	50	61	23	58	90		92	65		47	32	77	73	109		STnc3960		sRNA	3491490	3491592	+			SL1344_STnc3960
STnc3970	95	194	117	164	33		48		170	210	276	154	30	246	332		237	115		105	106	269	400	516		STnc3970		sRNA	3507628	3507677	-			SL1344_STnc3970
ArcZ	3,735	4,073	21,597	36,782	60,867		6,120		6,459	8,425	3,548	10,422	16,663	6,619	12,035		12,396	7,792		16,243	15,245	16,240	18,429	22,722		SraH, ryhA		sRNA	3511800	3511917	+			SL1344_ArcZ
STnc3060	54	61	44	52	9		63		68	114	84	339	137	149	94		78	63		97	53	85	86	134		STnc3060		sRNA	3533708	3533783	+			SL1344_STnc3060
STnc3050	21	41	36	125	63		14		15	47	49	77	9	38	69		67	53		91	185	169	147	91		STnc3050		sRNA	3543529	3543654	-			SL1344_STnc3050
STnc2100	32	26	9	14	4		62		43	26	107	57	15	13	18		23	21		24	26	110	40	109		STnc2100		sRNA	3550903	3550965	+			SL1344_STnc2100
STnc3990	69	58	63	54	25		59		68	77	82	135	105	83	70		67	82		51	59	110	57	128		STnc3990		sRNA	3587262	3587429	-			SL1344_STnc3990
STnc1670	3	2	19	106	9		1		4	143	1	17	41	1	423		166	5		5	3	13	59	15		STnc1670		sRNA	3593794	3593896	+			SL1344_STnc1670
STnc4000	48	44	11	12	195		14		36	63	56	81	139	240	7		7	31		34	7	30	280	58		STnc4000		sRNA	3619657	3619755	+			SL1344_STnc4000
STnc1590	1,383	1,787	1,577	1,794	880		1,777		1,836	2,202	2,470	3,937	810	2,504	2,384		1,959	1,651		2,098	1,625	1,227	1,043	2,235		STnc1590		sRNA	3633247	3633424	-			SL1344_STnc1590
STnc340	32	20	28	21	45		37		64	27	50	64	16	29	22		15	13		17	14	31	23	24		STnc340		sRNA	3657275	3657403	-			SL1344_STnc340
STnc760	59	81	151	182	27		68		46	109	104	184	158	111	143		154	220		260	1,723	2,597	3,691	3,387		STnc760		sRNA	3684975	3685117	-			SL1344_STnc760
STnc4010	3	3	11	14	70		3		0	4	4	86	5	8	17		25	33		5	10	34	19	31		STnc4010		sRNA	3729767	3729899	+			SL1344_STnc4010
RyhB-1	207	125	36	38	3,683		64		316	404	114	52	1,127	20,623	57		26	29		104	30	28	17,163	897		SraI, IS176, RfrA		sRNA	3736723	3736818	-			SL1344_RyhB-1
STnc1830	9	7	18	15	13		6		11	15	12	67	7	15	17		16	18		36	48	60	66	143		STnc1830		sRNA	3739679	3739898	-			SL1344_STnc1830
sRNA12	0	3	8	12	48		7		3	2	3	17	3	10	21		11	20		4	10	39	11	35		sRNA12		sRNA	3755045	3755125	-			SL1344_sRNA12
STnc770	240	205	316	483	175		147		404	452	203	706	315	208	929		758	296		207	198	189	351	288		sRNA6		sRNA	3778181	3778333	-			SL1344_STnc770
STnc350	124	103	102	92	21		94		115	226	128	252	142	149	315		178	112		9	16	88	38	42		STnc350		sRNA	3782696	3782857	-			SL1344_STnc350
STnc4020	57	95	109	40	3		79		156	157	169	89	65	204	121		71	72		48	101	43	16	151		STnc4020		sRNA	3801175	3801266	+			SL1344_STnc4020
STnc710	6,000	11,111	14,501	13,621	9,204		9,734		14,400	19,726	21,170	17,445	687	11,797	14,277		18,288	12,994		11,319	6,813	22,865	6,915	25,170		STnc710		sRNA	3829661	3829728	+			SL1344_STnc710
STnc1430	164	351	462	663	75		140		177	236	260	200	202	355	751		555	336		262	308	175	360	254		STM3624.1N		sRNA	3829428	3829797	-			SL1344_STnc1430
STnc780	206	222	180	154	49		233		254	263	214	646	252	162	156		108	117		179	108	128	113	275		STnc780		sRNA	3858666	3858993	-			SL1344_STnc780
STnc380	48	20	13	10	19		27		56	82	34	134	22	23	11		29	155		25	72	313	194	107		STnc380		sRNA	3906945	3907052	-			SL1344_STnc380
AmgR	1	3	3	4	6		2		2	2	5	18	2	3	3		3	4		3	5	15	5	9		AmgR		sRNA	3985660	3986859	+			SL1344_AmgR
STnc4040	27	59	59	81	27		28		25	61	53	65	79	56	423		58	48		83	88	120	22	131		STnc4040		sRNA	3993822	3993945	-			SL1344_STnc4040
IstR-1,2	272	179	175	151	298		213		402	399	240	617	51	183	185		316	194		170	132	553	951	535		IstR-1,2	IstR-1_2	sRNA	4019329	4019460	-			SL1344_IstR-1_2
IstR-1_2	272	179	175	151	298		213		402	399	240	617	51	183	185		316	194		170	132	553	951	535		IstR-1,2	IstR-1_2	sRNA	4019329	4019460	-			SL1344_IstR-1_2
STnc2110	51	112	17	34	6		29		233	34	48	874	121	270	30		28	63		56	84	42	61	575		STnc2110		sRNA	4030646	4030702	-			SL1344_STnc2110
STnc4250	406	458	374	120	14		407		819	474	590	89	346	376	186		134	235		304	279	63	126	75		STnc4250		sRNA	4069297	4069429	+			SL1344_STnc4250
STnc3170	5	4	9	43	13		6		13	7	6	19	27	7	32		19	20		24	54	418	188	49		STnc3170		sRNA	4070923	4071038	-			SL1344_STnc3170
STnc400	18,718	32,138	93,147	103,756	150,462		97,421		43,722	72,055	58,392	29,066	8,584	52,891	86,608		198,776	126,781		37,659	46,424	26,149	102,432	129,765		STnc400		sRNA	4072457	4072530	+			SL1344_STnc400
STnc1860	97	549	364	618	137		367		364	815	540	675	41	648	789		275	472		178	688	709	489	374		STnc1860		sRNA	4081219	4081303	-			SL1344_STnc1860
GlmZ	3,743	4,658	5,086	1,754	534		3,129		4,247	4,507	3,957	2,482	1,948	3,994	2,202		4,154	3,944		3,728	6,805	10,727	2,856	2,463		k19, ryiA, SraJ		sRNA	4163193	4163400	+			SL1344_GlmZ
STnc790	16	73	600	194	267		6		38	82	35	201	52	57	67		18	56		48	34	21	79	66		STnc790		sRNA	4209486	4209681	-			SL1344_STnc790
Spf	18,945	15,166	1,139	699	417		25,270		19,198	15,871	21,887	14,187	13,841	14,504	3,874		3,781	8,613		15,154	21,836	17,141	26,038	27,532		Spot, 42		sRNA	4230505	4230614	+			SL1344_Spf
CsrC	5,135	4,072	10,573	15,547	3,415		2,633		4,192	5,330	1,606	3,309	8,111	4,263	8,241		10,959	7,259		6,323	1,830	2,740	2,978	3,526		SraK, RyiB, tpk2		sRNA	4231596	4231839	+			SL1344_CsrC
STnc800	235	1,164	242	208	5		686		878	1,242	190	435	870	738	647		143	273		1,583	2,658	184	3,245	2,519		STnc800		sRNA	4236852	4237036	-			SL1344_STnc800
STnc3120	29	21	71	68	281		15		26	39	37	246	41	50	90		69	109		28	40	121	125	175		STnc3120		sRNA	4249943	4250101	+			SL1344_STnc3120
STnc870	807	1,127	1,767	4,524	14,408		997		995	966	336	3,864	995	654	452		753	2,010		1,998	45	45	64	60		STnc870		sRNA	4292541	4292598	+			SL1344_STnc870
IsrP	64	45	67	26	5		53		102	60	37	39	58	64	17		25	37		59	53	57	20	28		IsrP		sRNA	4328158	4328305	+			SL1344_IsrP
STnc4070	29	33	34	32	7		24		48	74	49	69	27	52	136		74	32		12	9	19	55	118		STnc4070		sRNA	4334758	4334856	-			SL1344_STnc4070
STnc4080	6	7	5	3	46		12		17	12	12	7	4	9	7		9	7		27	25	33	446	23		STnc4080		sRNA	4339806	4339930	-			SL1344_STnc4080
STnc1600	45	44	113	205	37		51		94	134	67	87	153	71	317		135	69		105	77	164	136	216		STnc1600		sRNA	4356617	4356687	+			SL1344_STnc1600
OxyS	93	111	68	42	75		52		122	154	564	136	2,132	116	122		1,265	3,803		43	77	55	21,615	445		OxyS		sRNA	4364306	4364424	-			SL1344_OxyS
STnc3490	119	36	40	18	23		50		89	46	67	311	34	55	52		25	63		49	36	29	89	70		STnc3490		sRNA	4395604	4395692	-			SL1344_STnc3490
STnc1460	2,138	8,430	5,589	5,541	143		2,696		4,045	4,379	8,229	6,495	327	6,883	5,307		2,316	2,525		5,784	5,433	3,627	5,512	3,087		STnc1460		sRNA	4403811	4404050	-			SL1344_STnc1460
STnc4100	61	44	59	82	15		102		62	96	65	39	21	68	92		109	69		57	69	120	69	168		STnc4100		sRNA	4448721	4448838	+			SL1344_STnc4100
STnc810	14	422	240	392	14		61		355	405	69	149	225	184	1,845		48	14		56	27	22	36	54		STnc2120		sRNA	4467935	4467989	-			SL1344_STnc810
STnc2130	72	887	1,154	1,184	374		316		926	639	1,038	461	146	723	3,848		2,879	1,218		211	449	533	511	492		STnc2130		sRNA	4475778	4475868	+			SL1344_STnc2130
STnc880	1,019	1,284	5,330	2,791	3,109		9,308		2,950	5,284	446	395	3,264	1,028	1,103		1,262	1,115		1,190	397	198	242	446		STnc880		sRNA	4486746	4486824	+			SL1344_STnc880
SraL	10	22	141	532	2,159		12		9	27	10	391	17	54	229		808	366		64	658	3,331	665	704		ryjA		sRNA	4526163	4526303	-			SL1344_SraL
STnc630	728	914	1,022	676	170		986		1,473	2,353	1,643	3,214	1,481	845	514		1,344	1,391		1,565	11,016	14,181	35,865	9,699		STnc2140		sRNA	4553814	4553973	+			SL1344_STnc630
STnc1180	24	23	48	57	24		15		15	21	14	32	44	20	38		389	133		32	21	48	59	64		STnc1180		sRNA	4559884	4559978	-			SL1344_STnc1180
STnc4110	9	27	47	60	73		17		22	25	31	121	36	41	115		51	27		43	27	26	215	86		STnc4110		sRNA	4562398	4562462	+			SL1344_STnc4110
STnc440	289	386	2,026	5,082	2,254		459		505	890	2,387	2,421	1,202	409	1,008		3,149	2,368		910	27,374	36,465	18,467	3,194		STnc440		sRNA	4580486	4580566	+			SL1344_STnc440
STnc3000	19	22	41	37	13		30		90	47	58	194	4	88	8		12	42		51	28	58	163	164		STnc3000		sRNA	4591419	4591506	+			SL1344_STnc3000
STnc4120	86	85	109	87	118		81		87	96	96	136	154	112	169		90	65		68	89	170	127	172		STnc4120		sRNA	4650288	4650411	-			SL1344_STnc4120
STnc1740	113	115	75	42	19		228		126	233	135	102	217	149	213		103	66		59	47	53	32	88		STnc1740		sRNA	4683334	4683513	-			SL1344_STnc1740
STnc2160	2	32	61	109	9		13		42	31	19	64	35	11	383		103	25		32	39	31	57	85		STnc2160		sRNA	4683637	4683700	-			SL1344_STnc2160
IsrQ	1	1	3	0	0		2		2	1	1	0	1	4	0		1	1		2	0	0	0	1		IsrQ		sRNA	4783575	4783742	+			SL1344_IsrQ
STnc4260	31	16	49	25	31		4		57	61	50	599	32	35	8		14	73		32	22	34	178	145		STnc4260		sRNA	4791125	4791218	+			SL1344_STnc4260
STnc4130	28	49	73	122	74		35		123	129	100	310	20	84	190		168	71		144	51	121	346	233		STnc4130		sRNA	4796789	4796864	-			SL1344_STnc4130
STnc1470	1,717	3,217	2,178	3,916	3,375		2,538		805	1,183	2,798	10,519	90	3,194	3,378		3,544	3,022		5,312	4,538	2,174	7,569	5,733		STnc1470		sRNA	4797958	4798032	+			SL1344_STnc1470
STnc4140	70	162	180	226	270		51		123	124	139	134	72	176	513		266	103		86	92	176	220	387		STnc4140		sRNA	4846459	4846541	-			SL1344_STnc4140
